NChap1_final_00000186	NChap2_final_00011901-RA	83.781	968	149	7	421	1384	186	1149	0.0	911
NChap1_final_00000216	NChap2_final_00018009-RA	77.968	1634	344	16	2657	4282	1712	3337	0.0	1009
NChap1_final_00000216	NChap2_final_00021443-RA	76.607	1462	326	14	2811	4264	2147	3600	0.0	791
NChap1_final_00000810	NChap2_final_00010500-RA	82.071	396	67	4	604	997	59	452	1.50e-90	335
NChap1_final_00001554	NChap2_final_00004182-RA	83.073	833	141	0	83	915	1	833	0.0	758
NChap1_final_00001692	NChap2_final_00028491-RA	86.034	358	48	2	1	357	100	456	6.63e-106	383
NChap1_final_00002182	NChap2_final_00011766-RA	79.113	699	130	13	24	710	125	819	3.58e-131	468
NChap1_final_00002264	NChap2_final_00023585-RA	78.867	2437	476	27	102	2527	210	2618	0.0	1611
NChap1_final_00002264	NChap2_final_00023587-RA	76.817	2463	503	51	102	2542	79	2495	0.0	1323
NChap1_final_00002390	NChap2_final_00012296-RA	83.268	257	43	0	521	777	1	257	1.63e-61	237
NChap1_final_00002854	NChap2_final_00018773-RA	81.149	2159	399	6	745	2899	927	3081	0.0	1725
NChap1_final_00002898	NChap2_final_00023202-RA	87.500	440	31	8	509	933	1	431	1.66e-136	486
NChap1_final_00003190	NChap2_final_00015078-RA	86.441	59	8	0	700	758	436	494	6.78e-10	65.8
NChap1_final_00003244	NChap2_final_00006899-RA	81.395	86	14	2	226	310	265	349	3.99e-11	69.4
NChap1_final_00003404	NChap2_final_00008473-RA	77.633	693	125	24	134	817	433	1104	2.51e-108	394
NChap1_final_00003404	NChap2_final_00008475-RA	78.810	269	53	4	134	400	2	268	2.75e-43	178
NChap1_final_00003411	NChap2_final_00010096-RA	80.292	1573	284	19	696	2261	603	2156	0.0	1164
NChap1_final_00003411	NChap2_final_00007212-RA	78.406	1556	311	16	724	2269	271	1811	0.0	989
NChap1_final_00003418	NChap2_final_00010101-RA	83.534	747	118	5	584	1327	745	1489	0.0	693
NChap1_final_00003455	NChap2_final_00010161-RA	75.260	1536	348	23	168	1681	355	1880	0.0	702
NChap1_final_00003471	NChap2_final_00010166-RA	78.125	608	118	10	190	785	1	605	7.68e-102	372
NChap1_final_00003477	NChap2_final_00028691-RA	82.692	2184	376	2	1	2183	63	2245	0.0	1938
NChap1_final_00003508	NChap2_final_00010195-RA	79.990	1974	374	15	73	2034	3	1967	0.0	1437
NChap1_final_00003641	NChap2_final_00015566-RA	72.009	1747	416	58	1161	2866	897	2611	5.51e-125	449
NChap1_final_00003656	NChap2_final_00016887-RA	83.914	373	60	0	165	537	121	493	1.52e-97	357
NChap1_final_00003658	NChap2_final_00014804-RA	82.400	125	10	4	514	626	757	881	1.28e-19	99.0
NChap1_final_00003658	NChap2_final_00014804-RA	84.127	63	10	0	764	826	1037	1099	1.67e-08	62.1
NChap1_final_00003717	NChap2_final_00008596-RA	85.714	84	12	0	1879	1962	2214	2131	8.83e-17	89.8
NChap1_final_00003718	NChap2_final_00008596-RA	85.714	84	12	0	1322	1405	2131	2214	6.89e-17	89.8
NChap1_final_00003760	NChap2_final_00008577-RA	77.672	524	102	10	426	937	320	840	5.53e-82	305
NChap1_final_00003771	NChap2_final_00015414-RA	75.033	1494	339	28	128	1604	414	1890	0.0	662
NChap1_final_00003776	NChap2_final_00016785-RA	79.477	1569	302	17	273	1828	440	2001	0.0	1096
NChap1_final_00003843	NChap2_final_00009200-RA	78.385	1647	332	21	277	1914	651	2282	0.0	1048
NChap1_final_00004103	NChap2_final_00002157-RA	82.545	1564	263	9	85	1643	175	1733	0.0	1367
NChap1_final_00004103	NChap2_final_00021702-RA	89.634	820	85	0	828	1647	615	1434	0.0	1044
NChap1_final_00004103	NChap2_final_00023217-RA	74.706	1530	347	33	97	1606	73	1582	0.0	645
NChap1_final_00004103	NChap2_final_00021698-RA	86.512	215	27	2	1263	1477	63	275	8.98e-61	235
NChap1_final_00004195	NChap2_final_00010958-RA	88.210	229	27	0	462	690	1	229	1.46e-72	274
NChap1_final_00004337	NChap2_final_00010302-RA	77.761	1974	407	29	916	2873	979	2936	0.0	1184
NChap1_final_00004392	NChap2_final_00028354-RA	83.266	1488	226	9	300	1786	400	1865	0.0	1347
NChap1_final_00004393	NChap2_final_00028339-RA	78.510	2443	501	16	758	3191	1092	3519	0.0	1581
NChap1_final_00004393	NChap2_final_00024712-RA	77.893	674	143	6	2809	3479	3139	3809	2.30e-114	414
NChap1_final_00004572	NChap2_final_00004651-RA	78.754	706	136	11	867	1562	1061	1762	1.37e-128	460
NChap1_final_00004572	NChap2_final_00004651-RA	79.396	563	110	6	273	832	242	801	5.08e-108	392
NChap1_final_00004675	NChap2_final_00000907-RA	80.709	508	94	4	23	528	341	846	3.68e-108	392
NChap1_final_00004728	NChap2_final_00014700-RA	73.883	291	72	4	1097	1385	1208	1496	5.11e-24	113
NChap1_final_00004746	NChap2_final_00010056-RA	85.802	486	64	3	526	1010	803	1284	9.20e-144	510
NChap1_final_00004747	NChap2_final_00005964-RA	79.502	1044	210	4	25	1066	1	1042	0.0	739
NChap1_final_00004747	NChap2_final_00007252-RA	77.321	754	162	4	253	1006	261	1005	1.48e-121	436
NChap1_final_00004786	NChap2_final_00025293-RA	71.795	546	150	4	316	859	409	952	6.90e-36	152
NChap1_final_00004827	NChap2_final_00028886-RA	85.714	252	32	2	364	615	216	463	2.71e-69	263
NChap1_final_00004827	NChap2_final_00027139-RA	82.677	127	20	2	445	570	464	589	1.04e-23	111
NChap1_final_00004974	NChap2_final_00026179-RA	75.285	2371	549	32	1665	4021	5788	8135	0.0	1098
NChap1_final_00004974	NChap2_final_00026179-RA	75.148	2362	546	32	1676	4021	1818	4154	0.0	1072
NChap1_final_00004998	NChap2_final_00026188-RA	85.959	3041	411	15	2129	5161	2082	5114	0.0	3236
NChap1_final_00004998	NChap2_final_00026188-RA	85.307	946	135	3	624	1567	784	1727	0.0	974
NChap1_final_00004998	NChap2_final_00026188-RA	86.909	275	36	0	1865	2139	1782	2056	1.65e-82	309
NChap1_final_00005038	NChap2_final_00026160-RA	86.534	401	54	0	599	999	525	925	9.36e-123	442
NChap1_final_00005038	NChap2_final_00026160-RA	85.600	250	36	0	353	602	171	420	7.82e-69	263
NChap1_final_00005049	NChap2_final_00006840-RA	83.019	318	52	2	868	1184	774	1090	2.33e-76	287
NChap1_final_00005061	NChap2_final_00002958-RA	86.239	327	30	11	318	630	499	824	7.11e-93	340
NChap1_final_00005061	NChap2_final_00000513-RA	89.474	247	15	7	318	553	336	582	3.36e-81	302
NChap1_final_00005119	NChap2_final_00016722-RA	83.099	1562	239	16	5	1563	269	1808	0.0	1399
NChap1_final_00005119	NChap2_final_00000877-RA	82.456	1425	234	11	130	1552	240	1650	0.0	1232
NChap1_final_00006013	NChap2_final_00014229-RA	78.561	1334	268	18	229	1553	460	1784	0.0	863
NChap1_final_00006080	NChap2_final_00015225-RA	81.066	1463	260	14	1	1450	222	1680	0.0	1151
NChap1_final_00006143	NChap2_final_00015007-RA	84.211	285	43	2	231	514	170	453	4.91e-73	276
NChap1_final_00006143	NChap2_final_00008596-RA	87.821	156	15	3	1371	1525	1804	1956	3.96e-44	180
NChap1_final_00006143	NChap2_final_00003710-RA	81.609	87	13	2	1444	1530	2401	2484	8.95e-11	69.4
NChap1_final_00006357	NChap2_final_00011380-RA	82.407	108	15	4	1262	1368	607	711	1.71e-17	91.6
NChap1_final_00006359	NChap2_final_00015912-RA	81.321	1408	257	6	156	1560	115	1519	0.0	1138
NChap1_final_00006542	NChap2_final_00001355-RA	88.454	537	61	1	110	645	1	537	0.0	647
NChap1_final_00007566	NChap2_final_00018945-RA	84.118	1486	201	18	1	1458	1	1479	0.0	1404
NChap1_final_00007611	NChap2_final_00012868-RA	83.827	2702	389	30	371	3066	159	2818	0.0	2525
NChap1_final_00008530	NChap2_final_00012097-RA	79.468	526	79	9	1	525	197	694	1.74e-94	346
NChap1_final_00008595	NChap2_final_00008209-RA	79.950	803	147	14	1015	1810	1274	2069	4.01e-164	579
NChap1_final_00008849	NChap2_final_00023687-RA	86.304	460	61	2	183	641	50	508	1.22e-140	499
NChap1_final_00009544	NChap2_final_00020342-RA	72.163	467	94	33	547	998	1086	1531	5.70e-23	110
NChap1_final_00009589	NChap2_final_00017298-RA	89.024	164	17	1	1	164	1810	1648	1.32e-51	202
NChap1_final_00009629	NChap2_final_00026455-RA	77.742	620	135	2	64	680	137	756	7.01e-104	377
NChap1_final_00009938	NChap2_final_00009249-RA	76.517	1269	285	12	143	1406	211	1471	0.0	680
NChap1_final_00010402	NChap2_final_00016693-RA	75.842	505	100	14	1600	2084	1507	2009	3.92e-61	237
NChap1_final_00010567	NChap2_final_00008314-RA	84.475	934	119	8	1	909	163	1095	0.0	898
NChap1_final_00010900	NChap2_final_00008895-RA	75.485	1391	317	22	263	1640	441	1820	0.0	658
NChap1_final_00010902	NChap2_final_00016207-RA	75.353	921	208	18	279	1194	1188	2094	4.20e-118	425
NChap1_final_00011415	NChap2_final_00005224-RA	83.789	475	68	6	201	669	238	709	2.56e-123	442
NChap1_final_00011415	NChap2_final_00005224-RA	87.050	139	18	0	666	804	757	895	1.04e-37	158
NChap1_final_00011468	NChap2_final_00010134-RA	82.075	318	51	6	26	340	123	437	1.17e-70	267
NChap1_final_00011588	NChap2_final_00013756-RA	89.356	357	36	2	537	892	88	443	8.41e-125	448
NChap1_final_00011959	NChap2_final_00007287-RA	82.133	1041	184	2	10	1049	39	1078	0.0	891
NChap1_final_00011959	NChap2_final_00000225-RA	89.529	191	20	0	228	418	382	572	3.53e-63	243
NChap1_final_00011959	NChap2_final_00021372-RA	75.932	885	201	11	153	1031	328	1206	9.03e-124	444
NChap1_final_00012286	NChap2_final_00000482-RA	82.770	917	106	23	377	1280	1954	2831	0.0	771
NChap1_final_00012454	NChap2_final_00003465-RA	78.509	228	40	8	1123	1345	1453	1676	1.79e-32	141
NChap1_final_00012475	NChap2_final_00000635-RA	82.080	971	163	9	25	991	1449	2412	0.0	819
NChap1_final_00013041	NChap2_final_00001111-RA	77.632	456	86	12	399	844	165	614	3.63e-69	263
NChap1_final_00013041	NChap2_final_00028945-RA	86.316	190	26	0	930	1119	142	331	1.73e-52	207
NChap1_final_00014990	NChap2_final_00027146-RA	79.090	1033	206	7	986	2013	560	1587	0.0	702
NChap1_final_00017400	NChap2_final_00025075-RA	78.519	135	29	0	252	386	551	685	3.67e-17	89.8
NChap1_final_00017400	NChap2_final_00027139-RA	83.544	79	13	0	252	330	477	555	1.03e-12	75.0
NChap1_final_00019062	NChap2_final_00008969-RA	85.965	57	8	0	223	279	686	742	6.35e-09	62.1
NChap1_final_00020081	NChap2_final_00006909-RA	88.785	107	2	1	10	116	2517	2613	4.86e-27	122
NChap1_final_00020190	NChap2_final_00001980-RA	77.072	362	77	6	2203	2561	2251	2609	4.14e-51	204
NChap1_final_00020214	NChap2_final_00027326-RA	72.394	355	92	4	914	1265	570	921	3.98e-22	108
NChap1_final_00020602	NChap2_final_00011004-RA	77.170	1463	298	29	267	1708	94	1541	0.0	819
NChap1_final_00021586	NChap2_final_00014598-RA	88.424	812	87	6	831	1637	2532	3341	0.0	972
NChap1_final_00021586	NChap2_final_00021758-RA	79.951	823	149	15	834	1647	2760	3575	4.62e-168	592
NChap1_final_00021586	NChap2_final_00003379-RA	81.142	753	127	14	834	1577	1165	1911	1.66e-167	590
NChap1_final_00021586	NChap2_final_00003359-RA	80.585	752	133	12	834	1577	1581	2327	7.79e-161	568
NChap1_final_00021586	NChap2_final_00019728-RA	82.576	396	68	1	1252	1647	4031	4425	1.11e-94	348
NChap1_final_00021586	NChap2_final_00026414-RA	83.558	371	57	4	1278	1647	2994	3361	1.43e-93	344
NChap1_final_00021586	NChap2_final_00022595-RA	81.818	396	71	1	1252	1647	3229	3623	1.11e-89	331
NChap1_final_00021586	NChap2_final_00020430-RA	81.818	396	71	1	1252	1647	2973	3367	1.11e-89	331
NChap1_final_00021586	NChap2_final_00022840-RA	82.105	380	65	3	1269	1647	3066	3443	6.70e-87	322
NChap1_final_00021586	NChap2_final_00014008-RA	81.915	376	68	0	1252	1627	2750	3125	8.67e-86	318
NChap1_final_00021586	NChap2_final_00023234-RA	82.730	359	60	2	1289	1647	2636	2992	8.67e-86	318
NChap1_final_00021586	NChap2_final_00021403-RA	81.061	396	74	1	1252	1647	3043	3437	1.12e-84	315
NChap1_final_00021586	NChap2_final_00016074-RA	82.865	356	53	6	1294	1647	3272	3621	4.03e-84	313
NChap1_final_00021586	NChap2_final_00007040-RA	81.818	374	67	1	1274	1647	3209	3581	4.03e-84	313
NChap1_final_00021586	NChap2_final_00019306-RA	80.051	391	70	8	1246	1632	2164	2550	3.16e-75	283
NChap1_final_00021586	NChap2_final_00013682-RA	79.361	407	69	11	1245	1641	2859	3260	6.84e-72	272
NChap1_final_00021586	NChap2_final_00019083-RA	78.190	431	89	5	1219	1647	2539	2966	2.46e-71	270
NChap1_final_00021586	NChap2_final_00011111-RA	80.282	355	68	2	1284	1637	3060	3413	3.18e-70	267
NChap1_final_00021586	NChap2_final_00009587-RA	79.733	375	69	7	1270	1641	2644	3014	1.15e-69	265
NChap1_final_00021586	NChap2_final_00018714-RA	84.000	200	31	1	1253	1452	2575	2773	1.97e-47	191
NChap1_final_00022112	NChap2_final_00027801-RA	81.765	850	132	13	220	1068	266	1093	0.0	689
NChap1_final_00022113	NChap2_final_00015800-RA	89.024	164	17	1	961	1123	1239	1402	6.22e-51	202
NChap1_final_00022362	NChap2_final_00015024-RA	88.710	248	0	1	1336	1555	585	832	1.60e-73	278
NChap1_final_00022362	NChap2_final_00027070-RA	73.770	610	144	15	1185	1785	1071	1673	5.88e-58	226
NChap1_final_00022385	NChap2_final_00007195-RA	82.143	112	16	4	250	359	144	253	3.95e-18	93.5
NChap1_final_00022428	NChap2_final_00003110-RA	89.523	859	90	0	22	880	627	1485	0.0	1088
NChap1_final_00022428	NChap2_final_00003110-RA	87.442	430	54	0	1	430	30	459	2.15e-139	496
NChap1_final_00023546	NChap2_final_00020490-RA	84.925	398	58	2	186	582	278	674	6.30e-111	401
NChap1_final_00023546	NChap2_final_00011247-RA	74.833	747	181	6	239	981	659	1402	8.38e-90	331
NChap1_final_00023695	NChap2_final_00013955-RA	87.313	268	12	1	1248	1515	1358	1113	2.76e-76	287
NChap1_final_00025733	NChap2_final_00023494-RA	76.960	421	88	9	723	1138	858	1274	1.09e-59	231
NChap1_final_00027189	NChap2_final_00016999-RA	76.017	959	204	20	2089	3036	2278	3221	3.30e-132	473
NChap1_final_00029132	NChap2_final_00010148-RA	88.333	120	14	0	22	141	1083	964	2.91e-34	145
NChap1_final_00029507	NChap2_final_00014588-RA	85.199	804	119	0	205	1008	341	1144	0.0	826
NChap1_final_00029638	NChap2_final_00014143-RA	81.434	851	150	7	1749	2595	1902	2748	0.0	689
NChap1_final_00029865	NChap2_final_00024011-RA	89.024	82	3	4	761	838	2069	1990	2.22e-19	97.1
NChap1_final_00029865	NChap2_final_00003876-RA	89.744	78	4	4	764	838	2363	2287	2.22e-19	97.1
NChap1_final_00029865	NChap2_final_00021274-RA	87.805	82	4	4	761	838	1999	1920	1.03e-17	91.6
NChap1_final_00029883	NChap2_final_00004657-RA	87.097	93	12	0	515	607	251	343	5.18e-22	106
NChap1_final_00029896	NChap2_final_00008828-RA	85.514	214	19	9	1313	1520	2855	3062	3.97e-54	213
NChap1_final_00029896	NChap2_final_00028944-RA	72.287	516	135	8	361	872	317	828	2.44e-36	154
NChap1_final_00030024	NChap2_final_00004597-RA	87.712	472	54	3	98	567	147	616	3.99e-155	547
NChap1_final_00030113	NChap2_final_00018953-RA	87.500	320	16	6	1	317	131	429	7.68e-95	348
NChap1_final_00030482	NChap2_final_00008407-RA	86.047	258	18	10	55	312	3443	3682	4.87e-69	261
NChap1_final_00030482	NChap2_final_00008407-RA	80.224	268	22	12	189	428	5460	5724	2.35e-42	172
NChap1_final_00030482	NChap2_final_00008407-RA	81.461	178	19	8	363	539	3793	3957	1.11e-30	134
NChap1_final_00030648	NChap2_final_00008820-RA	86.807	1137	146	4	17	1151	5	1139	0.0	1266
NChap1_final_00030672	NChap2_final_00009070-RA	81.612	484	89	0	402	885	93	576	7.52e-111	401
NChap1_final_00030691	NChap2_final_00007086-RA	85.915	355	46	4	1	353	101	453	1.60e-103	375
NChap1_final_00030830	NChap2_final_00009454-RA	83.582	871	141	2	191	1060	318	1187	0.0	815
NChap1_final_00030916	NChap2_final_00015263-RA	85.935	647	88	1	42	688	48	691	0.0	688
NChap1_final_00030916	NChap2_final_00022791-RA	84.718	674	87	5	31	695	221	887	0.0	660
NChap1_final_00030916	NChap2_final_00028214-RA	84.709	327	50	0	285	611	320	646	7.84e-89	327
NChap1_final_00031269	NChap2_final_00028635-RA	82.681	843	144	2	92	933	1290	2131	0.0	747
NChap1_final_00031343	NChap2_final_00028577-RA	89.046	283	31	0	1	283	2625	2907	1.41e-96	351
NChap1_final_00031388	NChap2_final_00009088-RA	83.850	935	142	7	1	932	190	1118	0.0	881
NChap1_final_00031388	NChap2_final_00018570-RA	78.221	877	184	5	1	872	2017	2891	3.60e-157	555
NChap1_final_00031476	NChap2_final_00025908-RA	87.500	184	23	0	272	455	191	374	1.23e-54	213
NChap1_final_00031854	NChap2_final_00021932-RA	76.512	860	180	12	593	1435	274	1128	3.06e-125	449
NChap1_final_00031995	NChap2_final_00000539-RA	74.541	817	181	26	385	1181	565	1374	9.65e-90	331
NChap1_final_00032100	NChap2_final_00017304-RA	82.022	89	12	3	753	839	229	315	3.80e-12	73.1
NChap1_final_00032394	NChap2_final_00001539-RA	81.241	661	121	3	167	826	2184	2842	1.04e-149	531
NChap1_final_00032394	NChap2_final_00001539-RA	81.883	563	97	4	826	1384	3002	3563	2.29e-131	470
NChap1_final_00032426	NChap2_final_00027891-RA	84.324	740	112	4	186	923	676	1413	0.0	721
NChap1_final_00033116	NChap2_final_00025093-RA	80.703	1394	263	6	1	1391	1511	2901	0.0	1079
NChap1_final_00033177	NChap2_final_00011186-RA	86.928	459	60	0	155	613	20	478	1.04e-145	516
NChap1_final_00033177	NChap2_final_00002819-RA	84.749	459	70	0	155	613	419	877	4.94e-129	460
NChap1_final_00033944	NChap2_final_00025239-RA	77.907	946	199	10	91	1031	31	971	7.95e-165	580
NChap1_final_00033944	NChap2_final_00006169-RA	74.176	941	237	6	91	1028	36	973	1.86e-106	387
NChap1_final_00034144	NChap2_final_00000913-RA	80.147	136	23	4	583	716	1035	1168	1.15e-19	99.0
NChap1_final_00034974	NChap2_final_00003721-RA	84.184	392	62	0	148	539	160	551	6.67e-105	381
NChap1_final_00034974	NChap2_final_00003721-RA	78.983	295	56	4	613	904	541	832	2.59e-49	196
