NChap1_final_00000014	NChap2_final_00025370-RA	99.769	865	2	0	41	905	1	865	0.0	1587
NChap1_final_00000030	NChap2_final_00025363-RA	100.000	172	0	0	1	172	32	203	3.06e-86	318
NChap1_final_00000040	NChap2_final_00025356-RA	97.944	1070	4	1	392	1461	248	1299	0.0	1838
NChap1_final_00000059	NChap2_final_00025350-RA	99.801	1005	2	0	22	1026	2852	3856	0.0	1845
NChap1_final_00000158	NChap2_final_00025271-RA	99.567	923	4	0	93	1015	3023	3945	0.0	1683
NChap1_final_00000186	NChap2_final_00025258-RA	98.977	880	0	1	224	1103	270	1140	0.0	1567
NChap1_final_00000186	NChap2_final_00025257-RA	100.000	367	0	0	1	367	367	1	0.0	678
NChap1_final_00000213	NChap2_final_00025233-RA	98.283	233	4	0	674	906	160	392	4.59e-113	409
NChap1_final_00000216	NChap2_final_00025230-RA	99.769	867	2	0	3416	4282	2050	2916	0.0	1591
NChap1_final_00000216	NChap2_final_00025231-RA	100.000	39	0	0	4281	4319	352	314	1.99e-11	73.1
NChap1_final_00000428	NChap2_final_00025084-RA	99.125	457	4	0	558	1014	870	1326	0.0	822
NChap1_final_00000461	NChap2_final_00025060-RA	99.552	1116	5	0	145	1260	1493	2608	0.0	2034
NChap1_final_00000694	NChap2_final_00024883-RA	99.541	653	3	0	65	717	728	1380	0.0	1190
NChap1_final_00000721	NChap2_final_00024857-RA	99.487	585	2	1	1	585	2011	2594	0.0	1062
NChap1_final_00000751	NChap2_final_00024839-RA	99.303	2727	19	0	1	2727	3	2729	0.0	4931
NChap1_final_00000773	NChap2_final_00024817-RA	99.424	347	2	0	217	563	41	387	7.77e-180	630
NChap1_final_00000776	NChap2_final_00024815-RA	99.087	219	2	0	150	368	172	390	3.39e-109	394
NChap1_final_00000796	NChap2_final_00024803-RA	100.000	1194	0	0	1	1194	2052	3245	0.0	2206
NChap1_final_00000810	NChap2_final_00024792-RA	100.000	2348	0	0	505	2852	3227	5574	0.0	4337
NChap1_final_00000820	NChap2_final_00024784-RA	100.000	847	0	0	124	970	2073	2919	0.0	1565
NChap1_final_00001030	NChap2_final_00024612-RA	99.485	194	1	0	1	194	77	270	9.09e-97	353
NChap1_final_00001060	NChap2_final_00024589-RA	100.000	1020	0	0	1	1020	2810	3829	0.0	1884
NChap1_final_00001070	NChap2_final_00024580-RA	99.745	1176	3	0	1	1176	2192	3367	0.0	2156
NChap1_final_00001307	NChap2_final_00024425-RA	98.582	141	2	0	326	466	276	416	8.75e-66	250
NChap1_final_00001418	NChap2_final_00024335-RA	100.000	833	0	0	907	1739	2800	3632	0.0	1539
NChap1_final_00001554	NChap2_final_00024213-RA	99.910	1109	1	0	493	1601	424	1532	0.0	2043
NChap1_final_00001688	NChap2_final_00024092-RA	100.000	266	0	0	1	266	3041	3306	3.36e-138	492
NChap1_final_00001692	NChap2_final_00024089-RA	99.087	219	2	0	160	378	319	537	3.06e-109	394
NChap1_final_00001692	NChap2_final_00002267-RA	99.087	219	2	0	160	378	1	219	3.06e-109	394
NChap1_final_00001696	NChap2_final_00024085-RA	97.143	385	2	1	1	376	1874	2258	0.0	641
NChap1_final_00001800	NChap2_final_00024007-RA	100.000	1035	0	0	1	1035	2346	3380	0.0	1912
NChap1_final_00002020	NChap2_final_00023826-RA	99.424	868	5	0	1	868	33	900	0.0	1576
NChap1_final_00002029	NChap2_final_00023820-RA	98.827	767	7	2	10	774	1	767	0.0	1365
NChap1_final_00002182	NChap2_final_00023697-RA	99.584	721	2	1	1	720	201	921	0.0	1314
NChap1_final_00002264	NChap2_final_00023585-RA	99.198	2619	21	0	88	2706	2761	5379	0.0	4721
NChap1_final_00002390	NChap2_final_00011550-RA	100.000	175	0	0	609	783	1	175	1.22e-87	324
NChap1_final_00002390	NChap2_final_00023502-RA	100.000	175	0	0	609	783	1	175	1.22e-87	324
NChap1_final_00002390	NChap2_final_00027031-RA	99.429	175	1	0	609	783	1	175	5.68e-86	318
NChap1_final_00002425	NChap2_final_00023458-RA	99.045	838	0	1	732	1561	1039	1876	0.0	1496
NChap1_final_00002425	NChap2_final_00023459-RA	99.454	732	4	0	1	732	49	780	0.0	1330
NChap1_final_00002498	NChap2_final_00012321-RA	100.000	29	0	0	1798	1826	146	118	3.79e-06	54.7
NChap1_final_00002596	NChap2_final_00023319-RA	99.525	842	4	0	249	1090	1487	2328	0.0	1533
NChap1_final_00002618	NChap2_final_00023303-RA	99.860	1432	2	0	1	1432	4000	5431	0.0	2634
NChap1_final_00002826	NChap2_final_00022427-RA	98.806	335	3	1	1029	1362	462	796	4.18e-169	595
NChap1_final_00002850	NChap2_final_00019907-RA	100.000	138	0	0	1626	1763	477	340	7.38e-67	255
NChap1_final_00002854	NChap2_final_00019444-RA	99.561	911	4	0	1854	2764	31	941	0.0	1661
NChap1_final_00002854	NChap2_final_00019442-RA	98.297	411	7	0	292	702	65	475	0.0	721
NChap1_final_00002898	NChap2_final_00023207-RA	97.288	295	8	0	509	803	1	295	5.94e-141	501
NChap1_final_00002898	NChap2_final_00023201-RA	97.368	228	5	1	281	508	123	349	1.74e-106	387
NChap1_final_00002966	NChap2_final_00022365-RA	97.847	511	10	1	1572	2082	1332	1841	0.0	881
NChap1_final_00003322	NChap2_final_00023240-RA	98.246	342	6	0	43	384	455	114	4.16e-170	599
NChap1_final_00003352	NChap2_final_00022751-RA	98.771	651	8	0	1	651	602	1252	0.0	1158
NChap1_final_00003353	NChap2_final_00022750-RA	98.606	574	8	0	363	936	1	574	0.0	1016
NChap1_final_00003477	NChap2_final_00020446-RA	98.618	217	3	0	48	264	1	217	1.63e-105	385
NChap1_final_00003508	NChap2_final_00011361-RA	100.000	49	0	0	2492	2540	662	710	3.20e-17	91.6
NChap1_final_00003508	NChap2_final_00028398-RA	97.619	42	1	0	2491	2532	103	144	1.16e-11	73.1
NChap1_final_00003527	NChap2_final_00019680-RA	97.030	101	3	0	654	754	954	854	1.26e-41	171
NChap1_final_00003653	NChap2_final_00022863-RA	98.276	232	2	2	1743	1973	22	252	9.25e-112	405
NChap1_final_00003653	NChap2_final_00022864-RA	97.845	232	3	2	1743	1973	22	252	4.31e-110	399
NChap1_final_00003662	NChap2_final_00007957-RA	97.059	34	1	0	635	668	913	946	1.41e-07	58.4
NChap1_final_00003843	NChap2_final_00020109-RA	97.619	336	6	1	246	581	3	336	5.49e-163	575
NChap1_final_00003910	NChap2_final_00013784-RA	98.507	67	1	0	1377	1443	490	556	8.32e-26	119
NChap1_final_00004092	NChap2_final_00021705-RA	99.682	943	3	0	1	943	27	969	0.0	1725
NChap1_final_00004103	NChap2_final_00021697-RA	99.719	713	2	0	1	713	20	732	0.0	1306
NChap1_final_00004129	NChap2_final_00015550-RA	97.685	864	20	0	1	864	713	1576	0.0	1485
NChap1_final_00004129	NChap2_final_00001625-RA	97.826	552	12	0	1	552	1	552	0.0	953
NChap1_final_00004129	NChap2_final_00022670-RA	98.969	485	5	0	382	866	30	514	0.0	869
NChap1_final_00004129	NChap2_final_00022671-RA	98.148	162	3	0	122	283	74	235	1.64e-75	283
NChap1_final_00004195	NChap2_final_00019666-RA	99.340	1061	7	0	213	1273	1484	2544	0.0	1921
NChap1_final_00004195	NChap2_final_00019665-RA	99.187	123	1	0	1151	1273	1450	1328	5.38e-57	222
NChap1_final_00004321	NChap2_final_00019565-RA	99.349	307	2	0	1067	1373	433	739	1.63e-157	556
NChap1_final_00004392	NChap2_final_00022345-RA	98.896	453	5	0	1333	1785	719	1171	0.0	809
NChap1_final_00004393	NChap2_final_00022348-RA	98.271	752	13	0	774	1525	643	1394	0.0	1317
NChap1_final_00004393	NChap2_final_00022350-RA	98.865	705	7	1	2294	2997	10	714	0.0	1256
NChap1_final_00004639	NChap2_final_00021869-RA	99.371	159	1	0	1490	1648	185	343	6.80e-77	289
NChap1_final_00004925	NChap2_final_00021942-RA	98.077	104	2	0	434	537	105	208	8.58e-45	182
NChap1_final_00004974	NChap2_final_00019422-RA	97.640	339	7	1	3616	3954	59	396	2.53e-164	580
NChap1_final_00004991	NChap2_final_00002807-RA	99.331	598	4	0	409	1006	207	804	0.0	1083
NChap1_final_00004991	NChap2_final_00025468-RA	98.997	598	6	0	409	1006	205	802	0.0	1072
NChap1_final_00004991	NChap2_final_00010647-RA	98.524	542	3	1	409	950	206	742	0.0	952
NChap1_final_00005015	NChap2_final_00020696-RA	98.413	441	7	0	330	770	1	441	0.0	776
NChap1_final_00005052	NChap2_final_00018357-RA	100.000	32	0	0	1027	1058	49	18	3.70e-08	60.2
NChap1_final_00005067	NChap2_final_00021774-RA	98.093	472	9	0	351	822	1	472	0.0	822
NChap1_final_00005119	NChap2_final_00020064-RA	98.733	868	11	0	130	997	52	919	0.0	1543
NChap1_final_00005235	NChap2_final_00023193-RA	97.136	419	12	0	1419	1837	414	832	0.0	708
NChap1_final_00005309	NChap2_final_00022181-RA	100.000	29	0	0	611	639	1647	1675	2.01e-06	54.7
NChap1_final_00005337	NChap2_final_00025019-RA	97.590	83	2	0	92	174	205	287	5.64e-34	143
NChap1_final_00005506	NChap2_final_00020216-RA	100.000	671	0	0	48	718	1034	1704	0.0	1240
NChap1_final_00005554	NChap2_final_00020827-RA	100.000	107	0	0	1720	1826	1	107	1.63e-49	198
NChap1_final_00005554	NChap2_final_00020825-RA	100.000	83	0	0	96	178	685	767	3.58e-36	154
NChap1_final_00005705	NChap2_final_00000919-RA	97.059	136	4	0	1	136	166	301	1.66e-59	230
NChap1_final_00005940	NChap2_final_00020032-RA	98.706	773	6	3	1	769	1	773	0.0	1369
NChap1_final_00006355	NChap2_final_00022959-RA	99.177	243	2	0	1	243	1	243	4.66e-122	438
NChap1_final_00006357	NChap2_final_00023609-RA	97.059	34	0	1	1288	1321	41	9	6.22e-07	56.5
NChap1_final_00006359	NChap2_final_00022958-RA	99.560	1591	7	0	1	1591	23	1613	0.0	2900
NChap1_final_00006414	NChap2_final_00021758-RA	97.555	1227	23	2	1	1227	1	1220	0.0	2093
NChap1_final_00006542	NChap2_final_00021034-RA	100.000	340	0	0	309	648	65	404	1.48e-179	628
NChap1_final_00006613	NChap2_final_00020980-RA	99.425	348	2	0	527	874	33	380	1.43e-180	632
NChap1_final_00006767	NChap2_final_00021232-RA	99.461	927	5	0	1	927	2	928	0.0	1685
NChap1_final_00006994	NChap2_final_00021418-RA	99.547	662	3	0	652	1313	766	1427	0.0	1206
NChap1_final_00007496	NChap2_final_00019049-RA	99.465	747	4	0	1	747	124	870	0.0	1358
NChap1_final_00007541	NChap2_final_00019100-RA	100.000	298	0	0	1	298	1	298	2.17e-156	551
NChap1_final_00007611	NChap2_final_00018908-RA	99.851	1344	2	0	337	1680	108	1451	0.0	2471
NChap1_final_00008033	NChap2_final_00018556-RA	99.550	444	2	0	138	581	1350	1793	0.0	809
NChap1_final_00008215	NChap2_final_00018425-RA	99.363	785	5	0	1078	1862	1	785	0.0	1423
NChap1_final_00008414	NChap2_final_00018253-RA	100.000	171	0	0	163	333	1	171	6.35e-86	316
NChap1_final_00008414	NChap2_final_00018252-RA	99.383	162	1	0	1	162	248	87	2.98e-79	294
NChap1_final_00008530	NChap2_final_00018166-RA	100.000	584	0	0	1	584	475	1058	0.0	1079
NChap1_final_00008595	NChap2_final_00018118-RA	99.838	618	1	0	1216	1833	1	618	0.0	1136
NChap1_final_00008595	NChap2_final_00018119-RA	100.000	443	0	0	1	443	1	443	0.0	819
NChap1_final_00008849	NChap2_final_00017898-RA	99.550	444	2	0	265	708	389	832	0.0	809
NChap1_final_00008861	NChap2_final_00017890-RA	98.624	218	3	0	143	360	2492	2709	4.86e-107	387
NChap1_final_00009053	NChap2_final_00017748-RA	100.000	300	0	0	375	674	104	403	4.65e-157	555
NChap1_final_00009239	NChap2_final_00017592-RA	99.823	2257	4	0	122	2378	223	2479	0.0	4146
NChap1_final_00009307	NChap2_final_00017526-RA	98.020	505	3	3	771	1275	750	1247	0.0	870
NChap1_final_00009327	NChap2_final_00017514-RA	99.100	889	8	0	1	889	3895	4783	0.0	1598
NChap1_final_00009386	NChap2_final_00017466-RA	100.000	978	0	0	1	978	1	978	0.0	1807
NChap1_final_00009403	NChap2_final_00017454-RA	100.000	1332	0	0	385	1716	3963	5294	0.0	2460
NChap1_final_00009404	NChap2_final_00017454-RA	99.762	1260	3	0	1	1260	1518	2777	0.0	2311
NChap1_final_00009404	NChap2_final_00003385-RA	97.561	41	1	0	460	500	1446	1486	3.36e-11	71.3
NChap1_final_00009543	NChap2_final_00017331-RA	99.563	2289	10	0	322	2610	576	2864	0.0	4172
NChap1_final_00009544	NChap2_final_00017329-RA	99.476	382	2	0	1	382	36	417	0.0	695
NChap1_final_00009544	NChap2_final_00017330-RA	99.490	196	1	0	1458	1653	234	39	1.84e-97	357
NChap1_final_00009589	NChap2_final_00017296-RA	97.436	78	2	0	181	258	460	383	4.87e-31	134
NChap1_final_00009629	NChap2_final_00017270-RA	99.709	344	1	0	337	680	93	436	4.87e-180	630
NChap1_final_00009666	NChap2_final_00017233-RA	100.000	336	0	0	72	407	1	336	1.40e-177	621
NChap1_final_00009673	NChap2_final_00017229-RA	100.000	49	0	0	315	363	531	579	4.31e-18	91.6
NChap1_final_00009714	NChap2_final_00017198-RA	99.834	1208	2	0	1	1208	69	1276	0.0	2220
NChap1_final_00009938	NChap2_final_00017045-RA	99.550	1555	7	0	1	1555	1	1555	0.0	2833
NChap1_final_00009940	NChap2_final_00017044-RA	99.522	418	2	0	3	420	153	570	0.0	761
NChap1_final_00010160	NChap2_final_00016883-RA	100.000	1821	0	0	26	1846	1595	3415	0.0	3363
NChap1_final_00010193	NChap2_final_00016849-RA	98.430	446	4	1	1	443	3	448	0.0	782
NChap1_final_00010207	NChap2_final_00016842-RA	99.616	1563	6	0	1	1563	1622	3184	0.0	2854
NChap1_final_00010208	NChap2_final_00016842-RA	99.486	1555	8	0	241	1795	27	1581	0.0	2828
NChap1_final_00010261	NChap2_final_00016793-RA	98.866	1499	4	1	1	1499	1	1486	0.0	2662
NChap1_final_00010307	NChap2_final_00016760-RA	99.286	560	4	0	442	1001	789	1348	0.0	1013
NChap1_final_00010338	NChap2_final_00016744-RA	99.630	810	3	0	1	810	1901	2710	0.0	1480
NChap1_final_00010372	NChap2_final_00016716-RA	97.707	1134	6	1	3	1136	1	1114	0.0	1932
NChap1_final_00010409	NChap2_final_00016685-RA	100.000	502	0	0	1192	1693	1	502	0.0	928
NChap1_final_00010417	NChap2_final_00016678-RA	99.523	419	2	0	1	419	54	472	0.0	763
NChap1_final_00010458	NChap2_final_00016649-RA	99.524	210	1	0	93	302	576	367	1.90e-105	383
NChap1_final_00010471	NChap2_final_00016629-RA	99.398	166	1	0	33	198	410	575	4.28e-81	302
NChap1_final_00010567	NChap2_final_00016575-RA	99.476	1144	6	0	1	1144	1074	2217	0.0	2080
NChap1_final_00010568	NChap2_final_00016575-RA	100.000	974	0	0	1	974	21	994	0.0	1799
NChap1_final_00010900	NChap2_final_00016293-RA	99.866	1494	2	0	1	1494	3975	5468	0.0	2748
NChap1_final_00010902	NChap2_final_00016293-RA	97.909	1387	11	3	8	1388	1	1375	0.0	2385
NChap1_final_00010971	NChap2_final_00016208-RA	99.451	728	4	0	1	728	1	728	0.0	1323
NChap1_final_00010996	NChap2_final_00016190-RA	99.458	738	4	0	1	738	1	738	0.0	1341
NChap1_final_00011002	NChap2_final_00016186-RA	100.000	1113	0	0	1	1113	1338	2450	0.0	2056
NChap1_final_00011009	NChap2_final_00016183-RA	100.000	1530	0	0	1	1530	1	1530	0.0	2826
NChap1_final_00011137	NChap2_final_00016066-RA	99.758	828	2	0	1	828	3523	4350	0.0	1519
NChap1_final_00011162	NChap2_final_00016042-RA	99.544	878	1	1	85	962	2108	2982	0.0	1596
NChap1_final_00011224	NChap2_final_00015989-RA	100.000	919	0	0	145	1063	187	1105	0.0	1698
NChap1_final_00011245	NChap2_final_00015972-RA	99.700	333	1	0	270	602	474	806	4.56e-174	610
NChap1_final_00011291	NChap2_final_00015921-RA	100.000	404	0	0	143	546	901	1304	0.0	747
NChap1_final_00011291	NChap2_final_00015922-RA	100.000	112	0	0	618	729	340	229	8.51e-53	207
NChap1_final_00011395	NChap2_final_00015825-RA	100.000	43	0	0	373	415	1	43	1.08e-14	80.5
NChap1_final_00011415	NChap2_final_00015810-RA	100.000	269	0	0	333	601	209	477	5.38e-140	497
NChap1_final_00011468	NChap2_final_00015750-RA	99.107	560	5	0	57	616	1646	2205	0.0	1007
NChap1_final_00011470	NChap2_final_00015749-RA	100.000	895	0	0	94	988	1672	2566	0.0	1653
NChap1_final_00011527	NChap2_final_00015699-RA	99.497	199	1	0	1	199	24	222	4.78e-100	363
NChap1_final_00011588	NChap2_final_00015647-RA	99.309	1013	7	0	1	1013	101	1113	0.0	1832
NChap1_final_00011620	NChap2_final_00015614-RA	97.481	1072	6	1	617	1688	3819	4869	0.0	1810
NChap1_final_00011621	NChap2_final_00015614-RA	99.559	907	4	0	497	1403	4885	5791	0.0	1653
NChap1_final_00011622	NChap2_final_00015614-RA	98.191	940	13	3	18	955	5791	6728	0.0	1639
NChap1_final_00011669	NChap2_final_00000015-RA	99.888	1785	2	0	1	1785	1142	2926	0.0	3286
NChap1_final_00011669	NChap2_final_00000016-RA	100.000	123	0	0	1663	1785	1052	930	1.63e-58	228
NChap1_final_00011679	NChap2_final_00000021-RA	99.538	649	1	1	205	853	261	907	0.0	1181
NChap1_final_00011707	NChap2_final_00000040-RA	99.715	701	1	1	312	1011	258	958	0.0	1282
NChap1_final_00011720	NChap2_final_00000051-RA	98.455	712	11	0	1	712	74	785	0.0	1254
NChap1_final_00011959	NChap2_final_00000226-RA	99.794	969	2	0	124	1092	314	1282	0.0	1779
NChap1_final_00012286	NChap2_final_00000482-RA	99.843	1270	2	0	1	1270	38	1307	0.0	2335
NChap1_final_00012454	NChap2_final_00000616-RA	100.000	103	0	0	1368	1470	304	202	1.76e-47	191
NChap1_final_00012475	NChap2_final_00000635-RA	100.000	1085	0	0	26	1110	3109	4193	0.0	2004
NChap1_final_00012477	NChap2_final_00000636-RA	100.000	1627	0	0	1	1627	97	1723	0.0	3005
NChap1_final_00012481	NChap2_final_00000639-RA	99.106	1454	1	6	2513	3966	2194	3635	0.0	2603
NChap1_final_00012600	NChap2_final_00000748-RA	100.000	225	0	0	422	646	575	351	1.34e-115	416
NChap1_final_00012623	NChap2_final_00000762-RA	99.828	582	1	0	1	582	1	582	0.0	1070
NChap1_final_00012806	NChap2_final_00000910-RA	100.000	246	0	0	124	369	4174	4419	1.35e-127	455
NChap1_final_00012866	NChap2_final_00000943-RA	100.000	401	0	0	1	401	1	401	0.0	741
NChap1_final_00012910	NChap2_final_00000981-RA	99.569	1159	3	2	75	1232	2486	3643	0.0	2111
NChap1_final_00013041	NChap2_final_00001085-RA	99.620	526	2	0	931	1456	5929	6454	0.0	961
NChap1_final_00013049	NChap2_final_00001088-RA	99.706	340	1	0	108	447	975	1314	4.28e-178	623
NChap1_final_00013190	NChap2_final_00001207-RA	100.000	266	0	0	1	266	1749	2014	1.08e-138	492
NChap1_final_00013422	NChap2_final_00001378-RA	98.383	433	1	1	96	528	37	463	0.0	756
NChap1_final_00013489	NChap2_final_00001429-RA	99.608	1274	5	0	8	1281	1625	2898	0.0	2326
NChap1_final_00013795	NChap2_final_00020217-RA	98.148	54	1	0	103	156	210	263	1.93e-18	95.3
NChap1_final_00013795	NChap2_final_00005738-RA	97.436	39	1	0	3	41	221	259	4.20e-10	67.6
NChap1_final_00013858	NChap2_final_00001732-RA	99.855	690	1	0	439	1128	2417	3106	0.0	1269
NChap1_final_00013908	NChap2_final_00001850-RA	99.851	669	1	0	1	669	1660	2328	0.0	1230
NChap1_final_00014105	NChap2_final_00001946-RA	99.941	1704	1	0	1	1704	4447	6150	0.0	3142
NChap1_final_00014169	NChap2_final_00002004-RA	100.000	145	0	0	111	255	506	362	2.16e-71	268
NChap1_final_00014754	NChap2_final_00002488-RA	100.000	772	0	0	1066	1837	383	1154	0.0	1426
NChap1_final_00014990	NChap2_final_00002723-RA	100.000	1280	0	0	807	2086	3870	5149	0.0	2364
NChap1_final_00015038	NChap2_final_00002745-RA	99.197	747	6	0	1	747	1829	2575	0.0	1347
NChap1_final_00015432	NChap2_final_00003066-RA	99.627	805	2	1	192	996	116	919	0.0	1469
NChap1_final_00015436	NChap2_final_00003069-RA	99.760	416	0	1	162	576	1789	2204	0.0	761
NChap1_final_00015588	NChap2_final_00003181-RA	100.000	463	0	0	129	591	1296	1758	0.0	856
NChap1_final_00016010	NChap2_final_00003548-RA	100.000	76	0	0	540	615	106	31	1.23e-32	141
NChap1_final_00016015	NChap2_final_00003551-RA	100.000	403	0	0	645	1047	2343	2745	0.0	745
NChap1_final_00016100	NChap2_final_00003606-RA	99.689	1287	4	0	1	1287	2537	3823	0.0	2355
NChap1_final_00016162	NChap2_final_00003655-RA	99.459	185	1	0	324	508	236	420	8.76e-92	337
NChap1_final_00016612	NChap2_final_00005272-RA	98.884	448	5	0	80	527	1315	1762	0.0	800
NChap1_final_00016674	NChap2_final_00005231-RA	99.227	388	3	0	1	388	10	397	0.0	701
NChap1_final_00016787	NChap2_final_00005138-RA	99.422	1211	5	1	1	1211	116	1324	0.0	2196
NChap1_final_00016802	NChap2_final_00005126-RA	99.157	356	3	0	1	356	2649	3004	0.0	641
NChap1_final_00016874	NChap2_final_00005067-RA	99.593	2701	11	0	672	3372	1	2701	0.0	4927
NChap1_final_00017074	NChap2_final_00004878-RA	99.511	614	3	0	49	662	1021	1634	0.0	1118
NChap1_final_00017097	NChap2_final_00004861-RA	99.820	1110	2	0	378	1487	2414	3523	0.0	2039
NChap1_final_00017330	NChap2_final_00004676-RA	99.532	855	4	0	1	855	1	855	0.0	1557
NChap1_final_00017422	NChap2_final_00004602-RA	97.388	1340	32	1	1	1340	101	1437	0.0	2278
NChap1_final_00017758	NChap2_final_00004348-RA	100.000	566	0	0	1	566	1496	2061	0.0	1046
NChap1_final_00017894	NChap2_final_00004237-RA	99.515	206	1	0	62	267	72	277	1.30e-103	375
NChap1_final_00017908	NChap2_final_00004223-RA	99.510	816	4	0	6	821	2681	3496	0.0	1485
NChap1_final_00017925	NChap2_final_00004207-RA	99.864	735	1	0	164	898	1560	2294	0.0	1352
NChap1_final_00018017	NChap2_final_00004133-RA	100.000	906	0	0	1	906	1791	2696	0.0	1674
NChap1_final_00018194	NChap2_final_00003987-RA	99.750	1199	3	0	1	1199	1415	2613	0.0	2198
NChap1_final_00018252	NChap2_final_00003946-RA	99.421	691	2	2	256	945	1	690	0.0	1253
NChap1_final_00018583	NChap2_final_00005601-RA	99.851	673	0	1	1	672	1	673	0.0	1236
NChap1_final_00018625	NChap2_final_00005626-RA	100.000	307	0	0	1	307	42	348	2.08e-161	568
NChap1_final_00019522	NChap2_final_00006364-RA	98.883	537	0	2	1	531	1173	1709	0.0	953
NChap1_final_00019566	NChap2_final_00006402-RA	100.000	154	0	0	184	337	1	154	4.46e-76	285
NChap1_final_00019566	NChap2_final_00006401-RA	100.000	127	0	0	721	847	1781	1655	4.56e-61	235
NChap1_final_00020073	NChap2_final_00006902-RA	100.000	607	0	0	165	771	607	1213	0.0	1122
NChap1_final_00020076	NChap2_final_00006905-RA	99.930	1436	1	0	1	1436	1743	3178	0.0	2647
NChap1_final_00020081	NChap2_final_00006909-RA	100.000	866	0	0	220	1085	2607	3472	0.0	1600
NChap1_final_00020190	NChap2_final_00007001-RA	99.924	2621	2	0	1	2621	1	2621	0.0	4830
NChap1_final_00020210	NChap2_final_00007018-RA	99.508	610	3	0	84	693	331	940	0.0	1110
NChap1_final_00020213	NChap2_final_00007020-RA	99.822	1688	3	0	963	2650	4203	5890	0.0	3101
NChap1_final_00020214	NChap2_final_00007020-RA	99.914	2338	2	0	1	2338	5965	8302	0.0	4307
NChap1_final_00020214	NChap2_final_00007021-RA	100.000	190	0	0	148	337	391	202	1.66e-95	351
NChap1_final_00020282	NChap2_final_00007078-RA	100.000	548	0	0	1	548	202	749	0.0	1013
NChap1_final_00020522	NChap2_final_00007248-RA	99.227	905	7	0	1	905	2054	2958	0.0	1633
NChap1_final_00020602	NChap2_final_00007318-RA	99.733	1497	4	0	204	1700	1	1497	0.0	2743
NChap1_final_00020632	NChap2_final_00007302-RA	99.573	702	3	0	1	702	4402	5103	0.0	1280
NChap1_final_00020654	NChap2_final_00007285-RA	99.545	660	3	0	1	660	1790	2449	0.0	1203
NChap1_final_00020750	NChap2_final_00007439-RA	100.000	214	0	0	370	583	238	451	1.34e-109	396
NChap1_final_00020926	NChap2_final_00007596-RA	99.783	923	1	1	589	1510	2069	2991	0.0	1692
NChap1_final_00020926	NChap2_final_00007597-RA	100.000	74	0	0	1437	1510	808	735	2.38e-31	137
NChap1_final_00020983	NChap2_final_00007636-RA	99.804	2551	5	0	69	2619	4014	6564	0.0	4684
NChap1_final_00021157	NChap2_final_00007784-RA	99.713	1044	3	0	1	1044	6	1049	0.0	1912
NChap1_final_00021266	NChap2_final_00007873-RA	100.000	595	0	0	395	989	503	1097	0.0	1099
NChap1_final_00021266	NChap2_final_00025140-RA	100.000	92	0	0	520	611	719	810	1.55e-41	171
NChap1_final_00021283	NChap2_final_00007889-RA	99.220	641	4	1	1	640	229	869	0.0	1155
NChap1_final_00021457	NChap2_final_00008024-RA	98.193	1107	19	1	1	1107	1	1106	0.0	1932
NChap1_final_00021502	NChap2_final_00008072-RA	99.227	906	7	0	909	1814	2595	3500	0.0	1635
NChap1_final_00021586	NChap2_final_00025770-RA	100.000	33	0	0	1380	1412	953	985	1.61e-08	62.1
NChap1_final_00021604	NChap2_final_00008197-RA	99.487	390	2	0	613	1002	1483	1872	0.0	710
NChap1_final_00021628	NChap2_final_00008217-RA	100.000	504	0	0	1	504	3154	3657	0.0	931
NChap1_final_00021779	NChap2_final_00015482-RA	99.669	605	2	0	1	605	200	804	0.0	1107
NChap1_final_00021824	NChap2_final_00015441-RA	98.074	571	8	2	1	570	1	569	0.0	990
NChap1_final_00021957	NChap2_final_00015336-RA	99.748	795	2	0	1	795	3	797	0.0	1458
NChap1_final_00022091	NChap2_final_00015235-RA	100.000	1063	0	0	341	1403	2528	3590	0.0	1964
NChap1_final_00022112	NChap2_final_00015222-RA	99.781	1367	3	0	1	1367	285	1651	0.0	2508
NChap1_final_00022113	NChap2_final_00015222-RA	99.708	684	2	0	1	684	1815	2498	0.0	1253
NChap1_final_00022150	NChap2_final_00015177-RA	99.389	819	5	0	243	1061	1462	2280	0.0	1485
NChap1_final_00022177	NChap2_final_00015158-RA	98.921	2224	9	1	123	2346	2370	4578	0.0	3960
NChap1_final_00022336	NChap2_final_00015049-RA	100.000	822	0	0	1	822	2521	3342	0.0	1519
NChap1_final_00022362	NChap2_final_00015024-RA	100.000	356	0	0	403	758	232	587	0.0	658
NChap1_final_00022385	NChap2_final_00018294-RA	100.000	32	0	0	412	443	411	380	4.01e-08	60.2
NChap1_final_00022394	NChap2_final_00015002-RA	99.838	619	1	0	1	619	17	635	0.0	1138
NChap1_final_00022428	NChap2_final_00014978-RA	100.000	883	0	0	1	883	21	903	0.0	1631
NChap1_final_00022524	NChap2_final_00014899-RA	100.000	396	0	0	1	396	2370	2765	0.0	732
NChap1_final_00022672	NChap2_final_00014770-RA	99.137	1043	3	1	2	1038	1847	2889	0.0	1871
NChap1_final_00022695	NChap2_final_00014753-RA	99.419	689	4	0	1	689	1	689	0.0	1251
NChap1_final_00022773	NChap2_final_00014682-RA	99.034	207	2	0	8	214	2444	2650	8.72e-102	372
NChap1_final_00022909	NChap2_final_00014581-RA	99.831	590	0	1	30	619	17	605	0.0	1083
NChap1_final_00022922	NChap2_final_00014569-RA	98.454	194	3	0	661	854	1028	1221	2.72e-93	342
NChap1_final_00022994	NChap2_final_00014498-RA	99.434	1237	3	1	1	1233	3336	4572	0.0	2242
NChap1_final_00022997	NChap2_final_00014496-RA	97.163	141	0	1	12	148	2298	2438	9.71e-62	235
NChap1_final_00023017	NChap2_final_00014481-RA	99.825	573	1	0	1	573	1476	2048	0.0	1053
NChap1_final_00023051	NChap2_final_00014457-RA	99.074	216	2	0	1	216	194	409	1.93e-107	388
NChap1_final_00023176	NChap2_final_00014356-RA	99.810	526	1	0	1	526	1	526	0.0	966
NChap1_final_00023213	NChap2_final_00014324-RA	98.039	765	3	1	1	765	101	853	0.0	1319
NChap1_final_00023256	NChap2_final_00014288-RA	100.000	72	0	0	770	841	1	72	1.88e-30	134
NChap1_final_00023261	NChap2_final_00014284-RA	99.642	279	1	0	1	279	201	479	1.27e-143	510
NChap1_final_00023301	NChap2_final_00014256-RA	99.889	899	1	0	1	899	1047	1945	0.0	1655
NChap1_final_00023343	NChap2_final_00014223-RA	99.911	1119	1	0	1	1119	1	1119	0.0	2061
NChap1_final_00023432	NChap2_final_00014156-RA	98.906	457	5	0	1	457	1	457	0.0	817
NChap1_final_00023467	NChap2_final_00014136-RA	100.000	400	0	0	42	441	122	521	0.0	739
NChap1_final_00023546	NChap2_final_00014075-RA	97.600	1250	4	2	22	1246	135	1383	0.0	2119
NChap1_final_00023603	NChap2_final_00014022-RA	99.815	541	1	0	1	541	1	541	0.0	994
NChap1_final_00023695	NChap2_final_00016093-RA	100.000	29	0	0	673	701	778	806	3.05e-06	54.7
NChap1_final_00023747	NChap2_final_00013918-RA	99.934	1526	1	0	451	1976	2778	4303	0.0	2813
NChap1_final_00023747	NChap2_final_00019517-RA	100.000	60	0	0	1411	1470	217	276	1.90e-23	111
NChap1_final_00023916	NChap2_final_00013776-RA	99.630	541	2	0	1	541	1	541	0.0	989
NChap1_final_00023916	NChap2_final_00013775-RA	100.000	199	0	0	582	780	786	588	3.95e-101	368
NChap1_final_00024095	NChap2_final_00013629-RA	99.734	753	2	0	165	917	2364	3116	0.0	1380
NChap1_final_00024243	NChap2_final_00013492-RA	99.732	746	2	0	862	1607	1168	1913	0.0	1367
NChap1_final_00024299	NChap2_final_00013460-RA	99.142	466	4	0	32	497	529	994	0.0	839
NChap1_final_00024379	NChap2_final_00013387-RA	100.000	471	0	0	1	471	1	471	0.0	870
NChap1_final_00024437	NChap2_final_00013337-RA	97.863	702	3	2	70	771	729	1418	0.0	1203
NChap1_final_00024537	NChap2_final_00013257-RA	99.448	1269	7	0	1	1269	2584	3852	0.0	2305
NChap1_final_00024721	NChap2_final_00013116-RA	100.000	314	0	0	481	794	2101	1788	6.09e-165	580
NChap1_final_00024882	NChap2_final_00012982-RA	100.000	171	0	0	1	171	62	232	3.99e-86	316
NChap1_final_00025550	NChap2_final_00012448-RA	100.000	582	0	0	249	830	252	833	0.0	1075
NChap1_final_00025550	NChap2_final_00004975-RA	99.091	110	1	0	289	398	1752	1861	5.85e-50	198
NChap1_final_00025625	NChap2_final_00012383-RA	99.810	527	1	0	1	527	527	1	0.0	968
NChap1_final_00025744	NChap2_final_00012291-RA	97.630	211	4	1	694	903	1303	1093	7.83e-99	361
NChap1_final_00025745	NChap2_final_00012290-RA	100.000	762	0	0	665	1426	70	831	0.0	1408
NChap1_final_00025771	NChap2_final_00012279-RA	99.014	507	2	1	859	1362	2811	2305	0.0	905
NChap1_final_00025771	NChap2_final_00012278-RA	100.000	250	0	0	165	414	1568	1817	3.12e-129	462
NChap1_final_00025840	NChap2_final_00012229-RA	99.235	523	4	0	512	1034	4725	5247	0.0	944
NChap1_final_00025862	NChap2_final_00012211-RA	99.885	1745	2	0	60	1804	53	1797	0.0	3212
NChap1_final_00025876	NChap2_final_00012202-RA	99.929	2799	2	0	1	2799	3328	6126	0.0	5158
NChap1_final_00025884	NChap2_final_00012192-RA	99.177	486	4	0	23	508	439	924	0.0	876
NChap1_final_00026014	NChap2_final_00012087-RA	99.911	1121	1	0	1	1121	1644	2764	0.0	2065
NChap1_final_00026174	NChap2_final_00011945-RA	99.825	1146	2	0	1	1146	1	1146	0.0	2106
NChap1_final_00026416	NChap2_final_00011752-RA	99.473	1138	6	0	1	1138	1	1138	0.0	2069
NChap1_final_00026459	NChap2_final_00011714-RA	99.656	582	1	1	367	948	1546	2126	0.0	1062
NChap1_final_00026465	NChap2_final_00011710-RA	98.429	191	0	1	1	191	188	1	6.35e-90	333
NChap1_final_00026691	NChap2_final_00011508-RA	99.781	1369	3	0	1	1369	20	1388	0.0	2512
NChap1_final_00027189	NChap2_final_00007711-RA	100.000	30	0	0	2596	2625	2744	2773	1.42e-06	56.5
NChap1_final_00027216	NChap2_final_00011063-RA	100.000	426	0	0	1	426	101	526	0.0	787
NChap1_final_00027864	NChap2_final_00010599-RA	99.273	550	4	0	663	1212	2145	2694	0.0	994
NChap1_final_00027905	NChap2_final_00008631-RA	100.000	239	0	0	591	829	6	244	3.04e-123	442
NChap1_final_00027926	NChap2_final_00008609-RA	99.488	586	3	0	1	586	1291	1876	0.0	1066
NChap1_final_00027952	NChap2_final_00008590-RA	99.369	793	4	1	1	793	1	792	0.0	1435
NChap1_final_00028116	NChap2_final_00009327-RA	99.075	757	7	0	272	1028	3450	4206	0.0	1360
NChap1_final_00028165	NChap2_final_00009358-RA	98.491	994	2	1	1	994	154	1134	0.0	1740
NChap1_final_00028365	NChap2_final_00009510-RA	98.480	329	5	0	344	672	310	638	5.05e-165	580
NChap1_final_00028664	NChap2_final_00009777-RA	99.461	742	4	0	10	751	66	807	0.0	1349
NChap1_final_00028719	NChap2_final_00009816-RA	99.353	773	2	1	1	770	8	780	0.0	1397
NChap1_final_00028739	NChap2_final_00009831-RA	99.205	755	6	0	797	1551	1297	2051	0.0	1362
NChap1_final_00028980	NChap2_final_00010022-RA	100.000	369	0	0	1	369	833	1201	0.0	682
NChap1_final_00029001	NChap2_final_00010035-RA	99.421	1036	6	0	381	1416	1611	2646	0.0	1881
NChap1_final_00029132	NChap2_final_00010148-RA	99.351	154	1	0	1	154	417	264	7.65e-75	279
NChap1_final_00029176	NChap2_final_00010195-RA	98.861	966	11	0	3	968	1986	2951	0.0	1724
NChap1_final_00029436	NChap2_final_00010393-RA	99.134	693	6	0	1	693	11	703	0.0	1247
NChap1_final_00029507	NChap2_final_00010445-RA	99.291	1551	11	0	1	1551	115	1665	0.0	2804
NChap1_final_00029638	NChap2_final_00001258-RA	100.000	30	0	0	2308	2337	2411	2440	1.29e-06	56.5
NChap1_final_00029882	NChap2_final_00008814-RA	99.155	355	3	0	105	459	1118	1472	0.0	640
NChap1_final_00029883	NChap2_final_00008814-RA	99.205	629	4	1	99	727	85	712	0.0	1133
NChap1_final_00029883	NChap2_final_00007050-RA	97.037	135	4	0	434	568	257	391	1.06e-58	228
NChap1_final_00029911	NChap2_final_00028970-RA	99.634	273	1	0	507	779	1	273	2.37e-140	499
NChap1_final_00029911	NChap2_final_00026382-RA	98.901	273	3	0	507	779	1	273	5.14e-137	488
NChap1_final_00029968	NChap2_final_00008885-RA	99.213	889	7	0	1	889	1204	2092	0.0	1604
NChap1_final_00029994	NChap2_final_00008912-RA	99.254	804	6	0	1	804	171	974	0.0	1452
NChap1_final_00030024	NChap2_final_00008936-RA	98.874	444	2	1	1	444	1	441	0.0	789
NChap1_final_00030108	NChap2_final_00009019-RA	98.385	743	8	2	1	743	1	739	0.0	1303
NChap1_final_00030113	NChap2_final_00009022-RA	99.688	320	1	0	1	320	427	746	1.49e-166	586
NChap1_final_00030156	NChap2_final_00009072-RA	97.051	780	23	0	1	780	4807	5586	0.0	1314
NChap1_final_00030191	NChap2_final_00009108-RA	97.737	486	8	1	1499	1984	848	366	0.0	833
NChap1_final_00030210	NChap2_final_00009126-RA	99.185	736	6	0	180	915	163	898	0.0	1327
NChap1_final_00030218	NChap2_final_00009133-RA	97.661	513	12	0	19	531	872	1384	0.0	881
NChap1_final_00030218	NChap2_final_00009132-RA	100.000	78	0	0	1782	1859	2430	2353	1.77e-33	145
NChap1_final_00030482	NChap2_final_00008407-RA	99.225	258	2	0	55	312	6110	6367	9.62e-131	466
NChap1_final_00030602	NChap2_final_00008295-RA	99.862	1446	2	0	1	1446	4168	5613	0.0	2660
NChap1_final_00030608	NChap2_final_00008288-RA	99.738	1143	3	0	1	1143	24	1166	0.0	2095
NChap1_final_00030629	NChap2_final_00008267-RA	99.788	943	2	0	1	943	1072	2014	0.0	1731
NChap1_final_00030648	NChap2_final_00008257-RA	99.687	1276	4	0	3	1278	142	1417	0.0	2335
NChap1_final_00030672	NChap2_final_00008238-RA	99.902	1017	1	0	464	1480	529	1545	0.0	1873
NChap1_final_00030691	NChap2_final_00008229-RA	99.741	386	1	0	7	392	3304	3689	0.0	708
NChap1_final_00030738	NChap2_final_00029018-RA	100.000	386	0	0	1358	1743	290	675	0.0	713
NChap1_final_00030758	NChap2_final_00029003-RA	100.000	605	0	0	1	605	27	631	0.0	1118
NChap1_final_00030830	NChap2_final_00028950-RA	100.000	1181	0	0	183	1363	54	1234	0.0	2182
NChap1_final_00030848	NChap2_final_00028936-RA	100.000	90	0	0	300	389	3499	3410	7.49e-41	167
NChap1_final_00030865	NChap2_final_00028927-RA	98.808	671	0	1	1	671	1	663	0.0	1188
NChap1_final_00030883	NChap2_final_00028917-RA	99.883	853	1	0	105	957	3332	4184	0.0	1570
NChap1_final_00030884	NChap2_final_00028917-RA	99.891	916	1	0	19	934	4218	5133	0.0	1687
NChap1_final_00030916	NChap2_final_00028892-RA	100.000	692	0	0	1	692	1	692	0.0	1279
NChap1_final_00030945	NChap2_final_00028868-RA	100.000	29	0	0	965	993	3901	3873	1.61e-06	54.7
NChap1_final_00031004	NChap2_final_00028828-RA	100.000	361	0	0	1177	1537	576	936	0.0	667
NChap1_final_00031014	NChap2_final_00028819-RA	97.898	571	5	4	1	569	1	566	0.0	981
NChap1_final_00031039	NChap2_final_00028803-RA	98.579	985	3	1	1	985	1	974	0.0	1731
NChap1_final_00031099	NChap2_final_00028758-RA	99.520	625	3	0	355	979	2243	2867	0.0	1138
NChap1_final_00031108	NChap2_final_00028754-RA	98.256	172	3	0	438	609	1437	1266	3.31e-81	302
NChap1_final_00031142	NChap2_final_00028730-RA	97.959	98	2	0	673	770	2784	2687	1.29e-41	171
NChap1_final_00031223	NChap2_final_00028674-RA	100.000	812	0	0	1	812	1	812	0.0	1500
NChap1_final_00031269	NChap2_final_00028635-RA	99.881	841	1	0	92	932	396	1236	0.0	1548
NChap1_final_00031319	NChap2_final_00028592-RA	97.868	985	3	1	1	985	1	967	0.0	1687
NChap1_final_00031388	NChap2_final_00028540-RA	100.000	987	0	0	1	987	469	1455	0.0	1823
NChap1_final_00031389	NChap2_final_00028540-RA	100.000	435	0	0	1	435	1	435	0.0	804
NChap1_final_00031412	NChap2_final_00024428-RA	97.753	89	2	0	809	897	645	733	4.13e-36	154
NChap1_final_00031476	NChap2_final_00028478-RA	99.567	462	2	0	1	462	4	465	0.0	843
NChap1_final_00031641	NChap2_final_00028345-RA	99.842	631	0	1	6	636	1838	2467	0.0	1158
NChap1_final_00031805	NChap2_final_00028199-RA	99.206	126	1	0	985	1110	231	106	1.08e-58	228
NChap1_final_00031854	NChap2_final_00028166-RA	99.864	1466	2	0	1	1466	2729	4194	0.0	2697
NChap1_final_00031861	NChap2_final_00028160-RA	99.388	1470	3	1	1	1470	2735	4198	0.0	2660
NChap1_final_00032011	NChap2_final_00027586-RA	97.115	208	6	0	160	367	208	1	5.62e-96	351
NChap1_final_00032023	NChap2_final_00027594-RA	99.385	975	6	0	1	975	3204	4178	0.0	1768
NChap1_final_00032025	NChap2_final_00027597-RA	99.785	466	1	0	1	466	49	514	0.0	856
NChap1_final_00032100	NChap2_final_00027649-RA	100.000	279	0	0	1	279	9	287	1.46e-145	516
NChap1_final_00032100	NChap2_final_00027646-RA	99.156	237	2	0	43	279	42	278	7.05e-119	427
NChap1_final_00032100	NChap2_final_00027647-RA	97.826	92	2	0	41	132	58	149	2.84e-38	159
NChap1_final_00032123	NChap2_final_00027663-RA	99.548	221	1	0	133	353	771	991	4.78e-112	403
NChap1_final_00032191	NChap2_final_00027710-RA	98.117	531	4	1	539	1069	2716	3240	0.0	920
NChap1_final_00032235	NChap2_final_00027745-RA	99.297	1848	13	0	258	2105	3525	5372	0.0	3341
NChap1_final_00032235	NChap2_final_00027744-RA	100.000	123	0	0	1983	2105	2905	2783	1.93e-58	228
NChap1_final_00032255	NChap2_final_00027757-RA	99.523	838	4	0	21	858	1	838	0.0	1526
NChap1_final_00032306	NChap2_final_00027789-RA	99.643	280	1	0	54	333	1945	2224	1.33e-144	512
NChap1_final_00032343	NChap2_final_00027829-RA	100.000	980	0	0	37	1016	3085	4064	0.0	1810
NChap1_final_00032367	NChap2_final_00027848-RA	99.189	863	6	1	7	869	2158	3019	0.0	1554
NChap1_final_00032383	NChap2_final_00027857-RA	99.781	456	0	1	1	456	44	498	0.0	835
NChap1_final_00032383	NChap2_final_00027856-RA	100.000	81	0	0	10	90	123	43	9.58e-36	150
NChap1_final_00032394	NChap2_final_00027865-RA	100.000	1662	0	0	1	1662	33	1694	0.0	3070
NChap1_final_00032426	NChap2_final_00027891-RA	98.796	1578	7	1	10	1587	1859	3424	0.0	2798
NChap1_final_00032426	NChap2_final_00027893-RA	99.213	889	7	0	1588	2476	206	1094	0.0	1604
NChap1_final_00032567	NChap2_final_00028015-RA	99.194	124	1	0	1	124	101	224	2.17e-58	224
NChap1_final_00032659	NChap2_final_00028086-RA	98.546	894	13	0	1	894	2014	2907	0.0	1580
NChap1_final_00032674	NChap2_final_00028093-RA	99.070	430	3	1	40	468	662	1091	0.0	771
NChap1_final_00032769	NChap2_final_00027438-RA	99.719	711	2	0	1	711	1	711	0.0	1303
NChap1_final_00032896	NChap2_final_00027334-RA	100.000	469	0	0	160	628	79	547	0.0	867
NChap1_final_00032911	NChap2_final_00027324-RA	100.000	404	0	0	19	422	1406	1809	0.0	747
NChap1_final_00033044	NChap2_final_00027209-RA	100.000	465	0	0	9	473	1366	1830	0.0	859
NChap1_final_00033135	NChap2_final_00027142-RA	100.000	563	0	0	1	563	74	636	0.0	1040
NChap1_final_00033177	NChap2_final_00027112-RA	100.000	574	0	0	1	574	1	574	0.0	1061
NChap1_final_00033180	NChap2_final_00027109-RA	100.000	2966	0	0	1	2966	101	3066	0.0	5478
NChap1_final_00033288	NChap2_final_00027020-RA	100.000	1310	0	0	64	1373	2188	3497	0.0	2420
NChap1_final_00033329	NChap2_final_00026998-RA	100.000	772	0	0	1	772	160	931	0.0	1426
NChap1_final_00033648	NChap2_final_00026766-RA	100.000	1374	0	0	1	1374	3992	5365	0.0	2538
NChap1_final_00033944	NChap2_final_00026380-RA	99.841	1261	2	0	53	1313	1869	3129	0.0	2318
NChap1_final_00034085	NChap2_final_00026494-RA	98.976	586	5	1	1	585	90	675	0.0	1048
NChap1_final_00034144	NChap2_final_00026292-RA	100.000	322	0	0	894	1215	1	322	3.35e-169	595
NChap1_final_00034265	NChap2_final_00026207-RA	98.238	738	9	1	15	748	1	738	0.0	1288
NChap1_final_00034794	NChap2_final_00025779-RA	99.558	452	2	0	1	452	1	452	0.0	824
NChap1_final_00034871	NChap2_final_00025725-RA	100.000	582	0	0	1	582	1425	2006	0.0	1075
NChap1_final_00034871	NChap2_final_00025726-RA	99.588	243	1	0	2008	2250	1223	981	1.91e-123	444
NChap1_final_00034877	NChap2_final_00025717-RA	97.024	168	5	0	13	180	157	324	3.13e-76	283
NChap1_final_00034877	NChap2_final_00025723-RA	99.286	140	1	0	13	152	215	354	2.45e-67	254
NChap1_final_00034934	NChap2_final_00025679-RA	99.799	1492	3	0	1	1492	1843	3334	0.0	2739
NChap1_final_00034974	NChap2_final_00025654-RA	99.524	420	2	0	37	456	1658	2077	0.0	765
NChap1_final_00034974	NChap2_final_00025653-RA	99.187	123	1	0	895	1017	1798	1676	4.28e-57	222
