NChap1_final_00000186	NChap2_final_00011901-RA	83.781	968	149	7	421	1384	186	1149	0.0	911
NChap1_final_00000216	NChap2_final_00018009-RA	77.968	1634	344	16	2657	4282	1712	3337	0.0	1009
NChap1_final_00000216	NChap2_final_00021443-RA	76.607	1462	326	14	2811	4264	2147	3600	0.0	791
NChap1_final_00000810	NChap2_final_00010500-RA	82.071	396	67	4	604	997	59	452	1.50e-90	335
NChap1_final_00001554	NChap2_final_00004182-RA	83.073	833	141	0	83	915	1	833	0.0	758
NChap1_final_00001692	NChap2_final_00028491-RA	86.034	358	48	2	1	357	100	456	6.63e-106	383
NChap1_final_00002182	NChap2_final_00011766-RA	79.113	699	130	13	24	710	125	819	3.58e-131	468
NChap1_final_00002264	NChap2_final_00023587-RA	76.817	2463	503	51	102	2542	79	2495	0.0	1323
NChap1_final_00002390	NChap2_final_00012296-RA	83.268	257	43	0	521	777	1	257	1.63e-61	237
NChap1_final_00002498	NChap2_final_00030758-RA	96.226	53	2	0	1786	1838	980	928	3.74e-16	87.9
NChap1_final_00002851	NChap2_final_00003513-RA	95.918	147	5	1	159	305	171	316	1.96e-61	237
NChap1_final_00002851	NChap2_final_00003510-RA	95.918	147	5	1	159	305	171	316	1.96e-61	237
NChap1_final_00002854	NChap2_final_00018773-RA	81.149	2159	399	6	745	2899	927	3081	0.0	1725
NChap1_final_00002898	NChap2_final_00023202-RA	87.500	440	31	8	509	933	1	431	1.66e-136	486
NChap1_final_00003190	NChap2_final_00015078-RA	86.441	59	8	0	700	758	436	494	6.78e-10	65.8
NChap1_final_00003244	NChap2_final_00006899-RA	81.395	86	14	2	226	310	265	349	3.99e-11	69.4
NChap1_final_00003288	NChap2_final_00023226-RA	95.822	383	16	0	187	569	1	383	1.34e-176	619
NChap1_final_00003404	NChap2_final_00008473-RA	77.633	693	125	24	134	817	433	1104	2.51e-108	394
NChap1_final_00003404	NChap2_final_00008475-RA	78.810	269	53	4	134	400	2	268	2.75e-43	178
NChap1_final_00003406	NChap2_final_00019494-RA	96.653	239	8	0	581	819	3	241	7.15e-110	398
NChap1_final_00003411	NChap2_final_00010096-RA	80.292	1573	284	19	696	2261	603	2156	0.0	1164
NChap1_final_00003411	NChap2_final_00007212-RA	78.406	1556	311	16	724	2269	271	1811	0.0	989
NChap1_final_00003418	NChap2_final_00010101-RA	83.534	747	118	5	584	1327	745	1489	0.0	693
NChap1_final_00003455	NChap2_final_00010161-RA	75.260	1536	348	23	168	1681	355	1880	0.0	702
NChap1_final_00003471	NChap2_final_00010166-RA	78.125	608	118	10	190	785	1	605	7.68e-102	372
NChap1_final_00003477	NChap2_final_00028691-RA	82.692	2184	376	2	1	2183	63	2245	0.0	1938
NChap1_final_00003508	NChap2_final_00010195-RA	79.990	1974	374	15	73	2034	3	1967	0.0	1437
NChap1_final_00003508	NChap2_final_00007739-RA	95.000	60	3	0	2492	2551	43	102	2.48e-18	95.3
NChap1_final_00003508	NChap2_final_00028226-RA	95.000	60	3	0	2492	2551	7	66	2.48e-18	95.3
NChap1_final_00003641	NChap2_final_00015566-RA	72.009	1747	416	58	1161	2866	897	2611	5.51e-125	449
NChap1_final_00003653	NChap2_final_00001227-RA	92.308	52	4	0	221	272	878	827	2.96e-12	75.0
NChap1_final_00003656	NChap2_final_00016887-RA	83.914	373	60	0	165	537	121	493	1.52e-97	357
NChap1_final_00003658	NChap2_final_00014804-RA	92.308	104	8	0	965	1068	1365	1468	1.25e-34	148
NChap1_final_00003717	NChap2_final_00008596-RA	85.714	84	12	0	1879	1962	2214	2131	8.83e-17	89.8
NChap1_final_00003718	NChap2_final_00008596-RA	85.714	84	12	0	1322	1405	2131	2214	6.89e-17	89.8
NChap1_final_00003760	NChap2_final_00008577-RA	77.672	524	102	10	426	937	320	840	5.53e-82	305
NChap1_final_00003771	NChap2_final_00015414-RA	75.033	1494	339	28	128	1604	414	1890	0.0	662
NChap1_final_00003776	NChap2_final_00016785-RA	79.477	1569	302	17	273	1828	440	2001	0.0	1096
NChap1_final_00003843	NChap2_final_00009200-RA	78.385	1647	332	21	277	1914	651	2282	0.0	1048
NChap1_final_00003852	NChap2_final_00014194-RA	95.833	48	2	0	468	515	123	170	1.26e-13	78.7
NChap1_final_00003910	NChap2_final_00009146-RA	90.210	143	12	2	1196	1337	810	951	8.08e-46	185
NChap1_final_00004103	NChap2_final_00002157-RA	82.545	1564	263	9	85	1643	175	1733	0.0	1367
NChap1_final_00004103	NChap2_final_00021702-RA	89.634	820	85	0	828	1647	615	1434	0.0	1044
NChap1_final_00004103	NChap2_final_00023217-RA	74.706	1530	347	33	97	1606	73	1582	0.0	645
NChap1_final_00004103	NChap2_final_00021698-RA	86.512	215	27	2	1263	1477	63	275	8.98e-61	235
NChap1_final_00004129	NChap2_final_00015368-RA	90.761	552	37	4	106	657	467	1004	0.0	725
NChap1_final_00004129	NChap2_final_00015549-RA	95.142	247	8	1	310	552	181	427	1.22e-106	387
NChap1_final_00004195	NChap2_final_00010958-RA	88.210	229	27	0	462	690	1	229	1.46e-72	274
NChap1_final_00004337	NChap2_final_00010302-RA	77.761	1974	407	29	916	2873	979	2936	0.0	1184
NChap1_final_00004392	NChap2_final_00028354-RA	83.266	1488	226	9	300	1786	400	1865	0.0	1347
NChap1_final_00004393	NChap2_final_00028339-RA	78.510	2443	501	16	758	3191	1092	3519	0.0	1581
NChap1_final_00004393	NChap2_final_00024712-RA	77.893	674	143	6	2809	3479	3139	3809	2.30e-114	414
NChap1_final_00004414	NChap2_final_00022824-RA	96.559	465	8	3	308	772	232	688	0.0	763
NChap1_final_00004461	NChap2_final_00021821-RA	91.837	392	6	2	315	706	10	375	1.45e-147	523
NChap1_final_00004461	NChap2_final_00015658-RA	93.496	246	7	4	1162	1398	1	246	1.56e-97	357
NChap1_final_00004461	NChap2_final_00009402-RA	96.809	94	3	0	1277	1370	1358	1451	1.70e-37	158
NChap1_final_00004461	NChap2_final_00006498-RA	95.455	44	0	2	862	903	209	252	8.17e-11	69.4
NChap1_final_00004572	NChap2_final_00004651-RA	78.754	706	136	11	867	1562	1061	1762	1.37e-128	460
NChap1_final_00004675	NChap2_final_00020641-RA	95.333	450	14	1	759	1208	287	729	0.0	708
NChap1_final_00004675	NChap2_final_00020640-RA	95.333	450	14	1	759	1208	248	690	0.0	708
NChap1_final_00004675	NChap2_final_00000907-RA	80.709	508	94	4	23	528	341	846	3.68e-108	392
NChap1_final_00004728	NChap2_final_00014700-RA	73.883	291	72	4	1097	1385	1208	1496	5.11e-24	113
NChap1_final_00004730	NChap2_final_00023082-RA	96.392	194	7	0	1	194	1	194	1.36e-86	320
NChap1_final_00004746	NChap2_final_00010056-RA	85.802	486	64	3	526	1010	803	1284	9.20e-144	510
NChap1_final_00004747	NChap2_final_00005964-RA	79.502	1044	210	4	25	1066	1	1042	0.0	739
NChap1_final_00004747	NChap2_final_00007252-RA	77.321	754	162	4	253	1006	261	1005	1.48e-121	436
NChap1_final_00004786	NChap2_final_00025293-RA	71.795	546	150	4	316	859	409	952	6.90e-36	152
NChap1_final_00004827	NChap2_final_00028886-RA	85.714	252	32	2	364	615	216	463	2.71e-69	263
NChap1_final_00004827	NChap2_final_00027139-RA	82.677	127	20	2	445	570	464	589	1.04e-23	111
NChap1_final_00004974	NChap2_final_00026179-RA	75.285	2371	549	32	1665	4021	5788	8135	0.0	1098
NChap1_final_00004998	NChap2_final_00026188-RA	85.959	3041	411	15	2129	5161	2082	5114	0.0	3236
NChap1_final_00005038	NChap2_final_00026160-RA	86.534	401	54	0	599	999	525	925	9.36e-123	442
NChap1_final_00005049	NChap2_final_00006840-RA	83.019	318	52	2	868	1184	774	1090	2.33e-76	287
NChap1_final_00005061	NChap2_final_00002958-RA	91.509	318	25	2	1	317	143	459	8.82e-122	436
NChap1_final_00005061	NChap2_final_00000513-RA	90.459	283	27	0	35	317	14	296	7.01e-103	374
NChap1_final_00005119	NChap2_final_00016722-RA	83.099	1562	239	16	5	1563	269	1808	0.0	1399
NChap1_final_00005119	NChap2_final_00000877-RA	82.456	1425	234	11	130	1552	240	1650	0.0	1232
NChap1_final_00005235	NChap2_final_00017943-RA	94.171	772	42	1	1	772	2518	3286	0.0	1173
NChap1_final_00005235	NChap2_final_00020079-RA	92.832	558	37	2	2	559	1826	2380	0.0	806
NChap1_final_00005235	NChap2_final_00017549-RA	92.571	175	13	0	1	175	2404	2578	1.10e-65	252
NChap1_final_00005705	NChap2_final_00020346-RA	95.805	596	1	1	1	596	6	577	0.0	941
NChap1_final_00006013	NChap2_final_00014229-RA	78.561	1334	268	18	229	1553	460	1784	0.0	863
NChap1_final_00006016	NChap2_final_00022122-RA	96.495	428	13	2	993	1420	1452	1877	0.0	706
NChap1_final_00006080	NChap2_final_00015225-RA	81.066	1463	260	14	1	1450	222	1680	0.0	1151
NChap1_final_00006143	NChap2_final_00015007-RA	84.211	285	43	2	231	514	170	453	4.91e-73	276
NChap1_final_00006143	NChap2_final_00008596-RA	87.821	156	15	3	1371	1525	1804	1956	3.96e-44	180
NChap1_final_00006143	NChap2_final_00003710-RA	81.609	87	13	2	1444	1530	2401	2484	8.95e-11	69.4
NChap1_final_00006357	NChap2_final_00011380-RA	82.407	108	15	4	1262	1368	607	711	1.71e-17	91.6
NChap1_final_00006359	NChap2_final_00015912-RA	81.321	1408	257	6	156	1560	115	1519	0.0	1138
NChap1_final_00006393	NChap2_final_00022937-RA	95.292	616	10	3	354	969	1	597	0.0	959
NChap1_final_00006542	NChap2_final_00001355-RA	88.454	537	61	1	110	645	1	537	0.0	647
NChap1_final_00007566	NChap2_final_00018945-RA	84.118	1486	201	18	1	1458	1	1479	0.0	1404
NChap1_final_00007611	NChap2_final_00012868-RA	83.827	2702	389	30	371	3066	159	2818	0.0	2525
NChap1_final_00008530	NChap2_final_00012097-RA	79.468	526	79	9	1	525	197	694	1.74e-94	346
NChap1_final_00008595	NChap2_final_00008209-RA	79.950	803	147	14	1015	1810	1274	2069	4.01e-164	579
NChap1_final_00008849	NChap2_final_00023687-RA	86.304	460	61	2	183	641	50	508	1.22e-140	499
NChap1_final_00009544	NChap2_final_00020342-RA	72.163	467	94	33	547	998	1086	1531	5.70e-23	110
NChap1_final_00009589	NChap2_final_00017298-RA	89.024	164	17	1	1	164	1810	1648	1.32e-51	202
NChap1_final_00009629	NChap2_final_00026455-RA	77.742	620	135	2	64	680	137	756	7.01e-104	377
NChap1_final_00009631	NChap2_final_00017264-RA	96.923	520	0	1	1	520	52	555	0.0	857
NChap1_final_00009938	NChap2_final_00009249-RA	76.517	1269	285	12	143	1406	211	1471	0.0	680
NChap1_final_00010402	NChap2_final_00016693-RA	75.842	505	100	14	1600	2084	1507	2009	3.92e-61	237
NChap1_final_00010567	NChap2_final_00008314-RA	84.475	934	119	8	1	909	163	1095	0.0	898
NChap1_final_00010816	NChap2_final_00016359-RA	96.491	1140	24	4	1	1137	1	1127	0.0	1869
NChap1_final_00010900	NChap2_final_00008895-RA	75.485	1391	317	22	263	1640	441	1820	0.0	658
NChap1_final_00010902	NChap2_final_00016207-RA	75.353	921	208	18	279	1194	1188	2094	4.20e-118	425
NChap1_final_00011415	NChap2_final_00005224-RA	83.789	475	68	6	201	669	238	709	2.56e-123	442
NChap1_final_00011468	NChap2_final_00010134-RA	82.075	318	51	6	26	340	123	437	1.17e-70	267
NChap1_final_00011588	NChap2_final_00013756-RA	89.356	357	36	2	537	892	88	443	8.41e-125	448
NChap1_final_00011959	NChap2_final_00007287-RA	82.133	1041	184	2	10	1049	39	1078	0.0	891
NChap1_final_00011959	NChap2_final_00000225-RA	91.304	483	28	5	601	1083	655	1123	0.0	647
NChap1_final_00011959	NChap2_final_00021372-RA	75.932	885	201	11	153	1031	328	1206	9.03e-124	444
NChap1_final_00012454	NChap2_final_00003465-RA	78.509	228	40	8	1123	1345	1453	1676	1.79e-32	141
NChap1_final_00012475	NChap2_final_00022633-RA	91.329	173	15	0	453	625	177	349	1.67e-61	237
NChap1_final_00013041	NChap2_final_00001111-RA	77.632	456	86	12	399	844	165	614	3.63e-69	263
NChap1_final_00013041	NChap2_final_00028945-RA	86.316	190	26	0	930	1119	142	331	1.73e-52	207
NChap1_final_00014990	NChap2_final_00027146-RA	79.090	1033	206	7	986	2013	560	1587	0.0	702
NChap1_final_00015038	NChap2_final_00029030-RA	95.575	226	10	0	1182	1407	477	252	3.37e-99	363
NChap1_final_00015038	NChap2_final_00028303-RA	92.478	226	17	0	1182	1407	477	252	1.59e-87	324
NChap1_final_00015038	NChap2_final_00011057-RA	90.265	226	22	0	1182	1407	1531	1306	3.47e-79	296
NChap1_final_00016060	NChap2_final_00027351-RA	91.946	447	36	0	465	911	516	962	6.96e-179	627
NChap1_final_00016408	NChap2_final_00005421-RA	94.678	357	3	1	202	558	2439	2779	5.79e-153	540
NChap1_final_00017205	NChap2_final_00004780-RA	93.239	355	0	1	1	355	1152	1482	1.81e-141	501
NChap1_final_00017277	NChap2_final_00004711-RA	95.570	790	27	6	1	786	1061	1846	0.0	1258
NChap1_final_00017400	NChap2_final_00025075-RA	78.519	135	29	0	252	386	551	685	3.67e-17	89.8
NChap1_final_00017400	NChap2_final_00027139-RA	83.544	79	13	0	252	330	477	555	1.03e-12	75.0
NChap1_final_00018752	NChap2_final_00000344-RA	95.181	83	4	0	218	300	7	89	2.07e-30	132
NChap1_final_00019062	NChap2_final_00008969-RA	85.965	57	8	0	223	279	686	742	6.35e-09	62.1
NChap1_final_00020190	NChap2_final_00001980-RA	77.072	362	77	6	2203	2561	2251	2609	4.14e-51	204
NChap1_final_00020214	NChap2_final_00001439-RA	95.699	186	7	1	626	811	114	298	2.20e-79	298
NChap1_final_00020214	NChap2_final_00027326-RA	72.394	355	92	4	914	1265	570	921	3.98e-22	108
NChap1_final_00020266	NChap2_final_00007066-RA	96.528	1037	21	12	1	1025	1	1034	0.0	1701
NChap1_final_00020532	NChap2_final_00007257-RA	95.731	773	10	6	100	857	1	765	0.0	1223
NChap1_final_00020602	NChap2_final_00011004-RA	77.170	1463	298	29	267	1708	94	1541	0.0	819
NChap1_final_00020661	NChap2_final_00007276-RA	91.066	1041	69	14	2	1027	1	1032	0.0	1386
NChap1_final_00020750	NChap2_final_00007475-RA	90.698	129	12	0	115	243	176	304	2.46e-42	172
NChap1_final_00020886	NChap2_final_00025656-RA	92.143	140	7	1	275	410	449	310	4.07e-49	195
NChap1_final_00021215	NChap2_final_00007834-RA	95.575	1017	0	2	1	1017	2199	3170	0.0	1587
NChap1_final_00021457	NChap2_final_00016453-RA	96.386	83	3	0	1022	1104	94	176	2.61e-31	137
NChap1_final_00021457	NChap2_final_00001875-RA	96.386	83	3	0	1022	1104	94	176	2.61e-31	137
NChap1_final_00021457	NChap2_final_00027533-RA	96.386	83	3	0	1022	1104	94	176	2.61e-31	137
NChap1_final_00021586	NChap2_final_00000306-RA	93.049	820	53	2	831	1647	2490	3308	0.0	1195
NChap1_final_00021586	NChap2_final_00025209-RA	91.829	820	63	2	831	1647	2598	3416	0.0	1140
NChap1_final_00021586	NChap2_final_00024625-RA	91.707	820	64	2	831	1647	2322	3140	0.0	1134
NChap1_final_00021586	NChap2_final_00014598-RA	88.424	812	87	6	831	1637	2532	3341	0.0	972
NChap1_final_00021586	NChap2_final_00021758-RA	79.951	823	149	15	834	1647	2760	3575	4.62e-168	592
NChap1_final_00021586	NChap2_final_00003379-RA	81.142	753	127	14	834	1577	1165	1911	1.66e-167	590
NChap1_final_00021586	NChap2_final_00003359-RA	80.585	752	133	12	834	1577	1581	2327	7.79e-161	568
NChap1_final_00021586	NChap2_final_00019728-RA	82.576	396	68	1	1252	1647	4031	4425	1.11e-94	348
NChap1_final_00021586	NChap2_final_00026414-RA	83.558	371	57	4	1278	1647	2994	3361	1.43e-93	344
NChap1_final_00021586	NChap2_final_00022595-RA	81.818	396	71	1	1252	1647	3229	3623	1.11e-89	331
NChap1_final_00021586	NChap2_final_00020430-RA	81.818	396	71	1	1252	1647	2973	3367	1.11e-89	331
NChap1_final_00021586	NChap2_final_00022840-RA	82.105	380	65	3	1269	1647	3066	3443	6.70e-87	322
NChap1_final_00021586	NChap2_final_00014008-RA	81.915	376	68	0	1252	1627	2750	3125	8.67e-86	318
NChap1_final_00021586	NChap2_final_00023234-RA	82.730	359	60	2	1289	1647	2636	2992	8.67e-86	318
NChap1_final_00021586	NChap2_final_00021403-RA	81.061	396	74	1	1252	1647	3043	3437	1.12e-84	315
NChap1_final_00021586	NChap2_final_00016074-RA	82.865	356	53	6	1294	1647	3272	3621	4.03e-84	313
NChap1_final_00021586	NChap2_final_00007040-RA	81.818	374	67	1	1274	1647	3209	3581	4.03e-84	313
NChap1_final_00021586	NChap2_final_00019306-RA	80.051	391	70	8	1246	1632	2164	2550	3.16e-75	283
NChap1_final_00021586	NChap2_final_00013682-RA	79.361	407	69	11	1245	1641	2859	3260	6.84e-72	272
NChap1_final_00021586	NChap2_final_00019083-RA	78.190	431	89	5	1219	1647	2539	2966	2.46e-71	270
NChap1_final_00021586	NChap2_final_00011111-RA	80.282	355	68	2	1284	1637	3060	3413	3.18e-70	267
NChap1_final_00021586	NChap2_final_00009587-RA	79.733	375	69	7	1270	1641	2644	3014	1.15e-69	265
NChap1_final_00021586	NChap2_final_00018714-RA	84.000	200	31	1	1253	1452	2575	2773	1.97e-47	191
NChap1_final_00022112	NChap2_final_00027801-RA	81.765	850	132	13	220	1068	266	1093	0.0	689
NChap1_final_00022113	NChap2_final_00015800-RA	89.024	164	17	1	961	1123	1239	1402	6.22e-51	202
NChap1_final_00022203	NChap2_final_00015145-RA	95.098	102	5	0	58	159	1240	1341	5.46e-39	161
NChap1_final_00022362	NChap2_final_00027070-RA	73.770	610	144	15	1185	1785	1071	1673	5.88e-58	226
NChap1_final_00022362	NChap2_final_00019598-RA	96.341	82	3	0	331	412	8	89	1.02e-30	135
NChap1_final_00022385	NChap2_final_00007195-RA	82.143	112	16	4	250	359	144	253	3.95e-18	93.5
NChap1_final_00022428	NChap2_final_00003110-RA	89.523	859	90	0	22	880	627	1485	0.0	1088
NChap1_final_00023176	NChap2_final_00016190-RA	92.655	177	13	0	721	897	1844	2020	3.72e-67	255
NChap1_final_00023176	NChap2_final_00004288-RA	91.489	141	12	0	755	895	175	315	8.22e-49	195
NChap1_final_00023546	NChap2_final_00020490-RA	84.925	398	58	2	186	582	278	674	6.30e-111	401
NChap1_final_00023546	NChap2_final_00011247-RA	74.833	747	181	6	239	981	659	1402	8.38e-90	331
NChap1_final_00023695	NChap2_final_00013955-RA	87.313	268	12	1	1248	1515	1358	1113	2.76e-76	287
NChap1_final_00024215	NChap2_final_00013517-RA	94.944	712	13	15	46	756	764	1453	0.0	1094
NChap1_final_00025625	NChap2_final_00012384-RA	91.943	633	3	2	1156	1740	1	633	0.0	843
NChap1_final_00025733	NChap2_final_00023494-RA	76.960	421	88	9	723	1138	858	1274	1.09e-59	231
NChap1_final_00025744	NChap2_final_00012290-RA	96.405	918	12	9	1	918	858	1754	0.0	1493
NChap1_final_00026354	NChap2_final_00011797-RA	96.883	385	2	1	339	723	830	1204	0.0	636
NChap1_final_00027189	NChap2_final_00016999-RA	76.017	959	204	20	2089	3036	2278	3221	3.30e-132	473
NChap1_final_00028675	NChap2_final_00012485-RA	94.898	98	5	0	1489	1586	198	295	5.78e-36	154
NChap1_final_00029507	NChap2_final_00014588-RA	85.199	804	119	0	205	1008	341	1144	0.0	826
NChap1_final_00029557	NChap2_final_00010486-RA	96.951	164	2	1	1	164	1	161	3.02e-72	272
NChap1_final_00029638	NChap2_final_00014143-RA	81.434	851	150	7	1749	2595	1902	2748	0.0	689
NChap1_final_00029865	NChap2_final_00024011-RA	89.024	82	3	4	761	838	2069	1990	2.22e-19	97.1
NChap1_final_00029865	NChap2_final_00003876-RA	89.744	78	4	4	764	838	2363	2287	2.22e-19	97.1
NChap1_final_00029865	NChap2_final_00021274-RA	87.805	82	4	4	761	838	1999	1920	1.03e-17	91.6
NChap1_final_00029883	NChap2_final_00023547-RA	94.410	161	9	0	607	767	460	620	8.13e-65	248
NChap1_final_00029883	NChap2_final_00008453-RA	92.424	132	9	1	598	728	356	487	1.80e-46	187
NChap1_final_00029883	NChap2_final_00004657-RA	87.097	93	12	0	515	607	251	343	5.18e-22	106
NChap1_final_00029883	NChap2_final_00010473-RA	96.296	54	2	0	515	568	258	311	5.22e-17	89.8
NChap1_final_00029896	NChap2_final_00008828-RA	96.596	705	8	6	862	1554	2537	3237	0.0	1155
NChap1_final_00029896	NChap2_final_00028944-RA	72.287	516	135	8	361	872	317	828	2.44e-36	154
NChap1_final_00029911	NChap2_final_00008840-RA	93.490	553	12	1	415	943	1440	1992	0.0	800
NChap1_final_00030024	NChap2_final_00004597-RA	87.712	472	54	3	98	567	147	616	3.99e-155	547
NChap1_final_00030113	NChap2_final_00013580-RA	94.118	323	16	1	1	320	73	395	4.34e-137	488
NChap1_final_00030113	NChap2_final_00018953-RA	87.500	320	16	6	1	317	131	429	7.68e-95	348
NChap1_final_00030210	NChap2_final_00022646-RA	92.941	85	4	1	1	83	1409	1325	4.49e-27	122
NChap1_final_00030210	NChap2_final_00010765-RA	93.671	79	5	0	1	79	161	83	5.81e-26	119
NChap1_final_00030238	NChap2_final_00009150-RA	96.583	439	13	1	1	439	1	437	0.0	726
NChap1_final_00030648	NChap2_final_00008820-RA	86.807	1137	146	4	17	1151	5	1139	0.0	1266
NChap1_final_00030672	NChap2_final_00009070-RA	81.612	484	89	0	402	885	93	576	7.52e-111	401
NChap1_final_00030691	NChap2_final_00007086-RA	85.915	355	46	4	1	353	101	453	1.60e-103	375
NChap1_final_00030830	NChap2_final_00009454-RA	83.582	871	141	2	191	1060	318	1187	0.0	815
NChap1_final_00030830	NChap2_final_00003311-RA	92.715	302	21	1	595	895	756	1057	8.46e-121	435
NChap1_final_00030830	NChap2_final_00027511-RA	93.939	132	8	0	595	726	564	695	3.36e-50	200
NChap1_final_00030830	NChap2_final_00013285-RA	94.175	103	5	1	811	912	696	798	7.38e-37	156
NChap1_final_00030916	NChap2_final_00015263-RA	85.935	647	88	1	42	688	48	691	0.0	688
NChap1_final_00030916	NChap2_final_00022791-RA	84.718	674	87	5	31	695	221	887	0.0	660
NChap1_final_00030916	NChap2_final_00028214-RA	84.709	327	50	0	285	611	320	646	7.84e-89	327
NChap1_final_00031341	NChap2_final_00028578-RA	94.253	522	18	7	1	512	2	521	0.0	787
NChap1_final_00031343	NChap2_final_00028577-RA	89.046	283	31	0	1	283	2625	2907	1.41e-96	351
NChap1_final_00031388	NChap2_final_00009088-RA	83.850	935	142	7	1	932	190	1118	0.0	881
NChap1_final_00031388	NChap2_final_00018570-RA	78.221	877	184	5	1	872	2017	2891	3.60e-157	555
NChap1_final_00031411	NChap2_final_00027119-RA	93.855	179	7	1	1294	1472	345	171	2.84e-70	267
NChap1_final_00031412	NChap2_final_00027119-RA	94.558	294	11	2	2326	2619	67	355	4.71e-125	449
NChap1_final_00031476	NChap2_final_00025908-RA	87.500	184	23	0	272	455	191	374	1.23e-54	213
NChap1_final_00031854	NChap2_final_00021932-RA	76.512	860	180	12	593	1435	274	1128	3.06e-125	449
NChap1_final_00031995	NChap2_final_00000539-RA	74.541	817	181	26	385	1181	565	1374	9.65e-90	331
NChap1_final_00032100	NChap2_final_00027650-RA	91.787	207	17	0	73	279	316	522	3.47e-77	289
NChap1_final_00032100	NChap2_final_00017304-RA	82.022	89	12	3	753	839	229	315	3.80e-12	73.1
NChap1_final_00032255	NChap2_final_00020316-RA	93.765	417	26	0	67	483	19	435	6.80e-179	627
NChap1_final_00032255	NChap2_final_00014811-RA	96.949	295	9	0	276	570	415	709	2.00e-139	496
NChap1_final_00032255	NChap2_final_00027773-RA	95.076	264	13	0	277	540	1	264	1.60e-115	416
NChap1_final_00032394	NChap2_final_00001539-RA	81.241	661	121	3	167	826	2184	2842	1.04e-149	531
NChap1_final_00032658	NChap2_final_00028085-RA	96.203	79	3	0	153	231	273	195	1.06e-29	130
NChap1_final_00033044	NChap2_final_00003491-RA	96.020	201	8	0	273	473	288	488	3.99e-89	327
NChap1_final_00033044	NChap2_final_00013834-RA	95.980	199	8	0	275	473	210	408	5.17e-88	324
NChap1_final_00033116	NChap2_final_00025093-RA	80.703	1394	263	6	1	1391	1511	2901	0.0	1079
NChap1_final_00033177	NChap2_final_00011186-RA	86.928	459	60	0	155	613	20	478	1.04e-145	516
NChap1_final_00033177	NChap2_final_00002819-RA	84.749	459	70	0	155	613	419	877	4.94e-129	460
NChap1_final_00033944	NChap2_final_00025239-RA	77.907	946	199	10	91	1031	31	971	7.95e-165	580
NChap1_final_00033944	NChap2_final_00006169-RA	74.176	941	237	6	91	1028	36	973	1.86e-106	387
NChap1_final_00034144	NChap2_final_00026295-RA	96.898	1386	28	12	1	1383	2953	4326	0.0	2307
NChap1_final_00034144	NChap2_final_00000913-RA	80.147	136	23	4	583	716	1035	1168	1.15e-19	99.0
NChap1_final_00034877	NChap2_final_00025714-RA	95.833	168	7	0	13	180	157	324	6.77e-73	272
NChap1_final_00034877	NChap2_final_00025716-RA	96.454	141	5	0	14	154	1	141	3.19e-61	233
NChap1_final_00034974	NChap2_final_00003721-RA	84.184	392	62	0	148	539	160	551	6.67e-105	381
